일자,종가,대비,등락률,거래량,시가,고가,저가
2026/08/31,917.4500,22.4500,+2.51,3217427,894.5800,918.8400,886.8350
2026/08/28,895.0000,61.1400,-6.39,3447630,941.7100,942.9100,893.6500
2026/08/27,956.1400,17.1100,+1.82,4127821,958.7300,970.3200,918.0101
2026/08/26,939.0300,53.4650,+6.04,4511432,880.0000,947.5299,876.0900
2026/08/25,885.5650,55.3950,+6.67,3240575,858.1000,887.3600,841.1000
2026/08/24,830.1700,36.5400,-4.22,3919030,823.6000,844.0000,784.4700
2026/08/21,866.7100,12.5700,-1.43,3669087,898.6200,922.9900,855.0101
2026/08/20,879.2800,51.6800,+6.24,4260063,830.0000,881.8800,815.0300
2026/08/19,827.6000,45.7100,-5.23,4409388,892.2000,893.8466,821.0301
2026/08/18,873.3100,95.5900,-9.87,6012753,909.2800,943.7599,863.1101
2026/08/17,968.9000,42.7600,+4.62,5388244,948.4100,999.6750,927.0000
2026/08/14,926.1400,45.7300,+5.19,4251856,892.6850,957.8950,885.2701
2026/08/13,880.4100,52.0600,-5.58,4646030,927.5850,946.9200,875.5900
2026/08/12,932.4700,111.8800,+13.63,11774560,899.0000,966.5999,836.3100
2026/08/11,820.5900,7.0800,+0.87,5985719,815.6700,823.7000,787.0100
2026/08/10,813.5100,76.6600,-8.61,6155026,931.0500,937.0000,810.8850
2026/08/07,890.1700,52.1100,+6.22,5818819,870.0000,928.4800,861.9000
2026/08/06,838.0600,11.8000,+1.43,4140181,808.5300,881.7900,793.0001
2026/08/05,826.2600,23.2100,-2.73,3421867,824.7900,883.6500,824.0000
2026/08/04,849.4700,69.5800,+8.92,6642865,852.3550,868.3199,813.2600
2026/08/03,779.8900,65.9500,+9.24,4198394,685.6400,785.3399,671.0000
2026/07/31,713.9400,20.7000,+2.99,4550421,748.0000,772.6044,691.1000
2026/07/30,693.2400,90.8900,+15.09,5621172,661.9100,698.2800,650.0000
2026/07/29,602.3500,49.5800,-7.61,6388594,655.2100,655.2100,594.8400
2026/07/28,651.9300,60.0300,-8.43,5642335,677.5500,678.9900,602.2800
2026/07/27,711.9600,51.0300,-6.69,3744225,767.8500,770.3000,697.8800
2026/07/24,762.9900,70.6500,-8.47,3651157,810.5000,831.2099,755.0300
2026/07/23,833.6400,3.9400,+0.47,4547401,841.0000,897.0000,824.0101
2026/07/22,829.7000,7.8600,-0.94,3876236,810.2200,859.8800,809.0056
2026/07/21,837.5600,72.0100,+9.41,4043609,811.5000,843.0000,799.8100
2026/07/20,765.5500,32.7300,+4.47,4428660,764.1300,801.8000,763.0000
2026/07/17,732.8200,26.5900,+3.77,4940226,678.4700,747.0000,650.8200
2026/07/16,706.2300,45.7700,-6.09,3984943,731.3900,738.0000,693.0000
2026/07/15,752.0000,62.8000,-7.71,4205383,813.9500,821.9499,716.4000
2026/07/14,814.8000,46.6500,+6.07,3768910,816.2600,839.8800,796.0101
2026/07/13,768.1500,33.8600,-4.22,3694414,778.3800,809.2300,761.5300
2026/07/10,802.0100,16.2400,+2.07,3675849,769.5450,806.5631,761.6200
2026/07/09,785.7700,78.6700,+11.13,5519991,755.1550,804.9000,751.9000
2026/07/08,707.1000,8.1900,+1.17,2586224,688.9000,719.1200,683.3950
2026/07/07,698.9100,32.3400,-4.42,3750796,699.4200,732.5700,680.4300
2026/07/06,731.2500,2.9300,+0.40,3805531,729.0000,747.0000,716.1250
2026/07/02,728.3200,72.8400,-9.09,5229140,777.5750,803.9000,710.0100
2026/07/01,801.1600,56.9000,-6.63,4202789,818.4050,841.2600,784.0000
2026/06/30,858.0600,6.6600,+0.78,4246554,844.0300,874.8599,838.1100
2026/06/29,851.4000,34.4200,+4.21,5604162,806.0100,852.7800,754.0000
2026/06/26,816.9800,44.9900,-5.22,9121981,822.5500,824.8550,774.3001
2026/06/25,861.9700,19.4400,+2.31,4529350,887.2500,899.5300,810.2400
2026/06/24,842.5300,14.6100,+1.76,4452726,825.0000,866.4300,803.2400
2026/06/23,827.9200,66.0100,-7.38,4817064,832.1500,856.6000,812.8000
2026/06/22,893.9300,43.9300,+5.17,6909893,852.5200,906.1800,829.0000
2026/06/18,850.0000,19.9800,-2.30,8360832,881.9750,888.5400,831.1700
2026/06/17,869.9800,5.3800,-0.61,5148177,879.0800,891.5450,853.7800
2026/06/16,875.3600,81.8800,-8.55,6070807,958.4750,961.6800,863.4100
2026/06/15,957.2400,35.6800,+3.87,5266081,965.9800,998.5000,923.9500
2026/06/12,921.5600,31.9700,+3.59,4563159,889.4250,934.2600,863.0000
2026/06/11,889.5900,36.3300,+4.26,4672235,863.0000,890.8000,840.5200
2026/06/10,853.2600,31.5000,+3.83,5839496,833.6950,884.1800,825.6600
2026/06/09,821.7600,73.6400,-8.22,7966067,908.1200,913.9999,776.0100
2026/06/08,895.4000,31.7400,+3.68,5097078,899.7900,914.0000,841.9300
2026/06/05,863.6600,81.4200,-8.62,7543933,912.6200,974.0000,853.1000
2026/06/04,945.0800,7.0800,+0.75,6060883,900.1000,955.4768,864.2001
2026/06/03,938.0000,91.1500,-8.86,6202151,1029.0750,1049.5300,932.5000
2026/06/02,1029.1500,124.1500,+13.72,8154611,935.1300,1035.0000,935.0120
2026/06/01,905.0000,50.0400,+5.85,7932745,825.2500,931.8500,806.6200
2026/05/29,854.9600,5.6600,-0.66,6363965,860.6800,869.0000,822.5000
2026/05/28,860.6200,41.6900,-4.62,6128612,936.7000,948.4900,854.5200
2026/05/27,902.3100,8.5000,-0.93,4236049,901.5500,915.0000,858.0000
2026/05/26,910.8100,36.0900,-3.81,5212246,963.0100,963.0100,903.0201
2026/05/22,946.9000,17.6000,-1.82,3076887,965.1500,971.0500,934.8500
2026/05/21,964.5000,96.4300,+11.11,5781945,869.8000,977.2700,859.0000
2026/05/20,868.0700,22.0200,-2.47,5195009,917.0100,929.2600,856.2300
2026/05/19,890.0900,5.1100,+0.58,5025756,873.1700,910.0000,845.0000
2026/05/18,884.9800,85.7200,-8.83,7197455,953.2950,954.2600,857.0000
2026/05/15,970.7000,31.1100,-3.11,10141821,941.6000,987.8500,923.0000
2026/05/14,1001.8100,28.5600,-2.77,3557117,1002.0000,1024.8500,983.0200
2026/05/13,1030.3700,38.0000,+3.83,4398494,1051.5850,1062.1000,998.2000
2026/05/12,992.3700,60.7200,-5.77,7562654,1018.2300,1085.6800,937.6401
2026/05/11,1053.0900,149.2900,+16.52,9550934,949.7150,1073.3300,949.4500
2026/05/08,903.8000,11.2200,+1.26,6727632,917.0000,934.9200,866.0000
2026/05/07,892.5800,51.7000,-5.48,7268188,915.9750,918.0200,854.6200
2026/05/06,944.2800,50.2800,-5.06,9902076,996.0000,1013.5000,902.0100
2026/05/05,994.5600,18.3800,+1.88,6588139,975.8250,1021.0000,966.0600
2026/05/04,976.1800,26.2500,+2.76,5445773,986.8800,1004.9400,952.0000
2026/05/01,949.9300,47.6100,+5.28,4774683,913.0000,985.1300,905.7000
2026/04/30,902.3200,44.0000,+5.13,6148458,895.1700,921.3700,856.0000
2026/04/29,858.3200,66.9500,+8.46,6179936,821.1100,887.9000,814.1885
2026/04/28,791.3700,68.3100,-7.95,5547735,813.7400,842.0000,780.4800
2026/04/27,859.6800,21.9600,-2.49,5289749,855.7450,867.8548,811.4500
2026/04/24,881.6400,34.7500,+4.10,4205835,837.0200,896.1100,829.1300
2026/04/23,846.8900,26.7100,-3.06,3756419,854.0000,881.8500,831.9150
2026/04/22,873.6000,36.6800,+4.38,4635210,849.8500,874.1700,818.0000
2026/04/21,836.9200,58.1900,-6.50,5725514,900.0000,925.5000,832.1800
2026/04/20,895.1100,1.0400,+0.12,3337526,889.5000,906.2000,861.9700
2026/04/17,894.0700,2.8500,+0.32,4343934,912.0000,912.0000,865.0200
2026/04/16,891.2200,67.2100,+8.16,6115726,825.0120,903.0000,820.1600
2026/04/15,824.0100,28.7800,-3.37,5994356,856.8850,859.4899,800.5600
2026/04/14,852.7900,18.3900,-2.11,5461915,901.1500,904.9900,836.0000
2026/04/13,871.1800,26.1200,-2.91,6558639,889.0000,905.9000,841.0500
2026/04/10,897.3000,3.1700,+0.35,7136105,908.0850,931.7500,863.0001
2026/04/09,894.1300,1.8900,-0.21,7034583,912.0000,960.0000,871.7301
2026/04/08,896.0200,80.2700,+9.84,7025370,877.4150,901.3000,842.0000
2026/04/07,815.7500,43.4700,+5.63,5486631,778.8200,816.9200,770.0000
2026/04/06,772.2800,54.6000,-6.60,5809721,828.4800,836.9100,767.0100
2026/04/02,826.8800,62.2300,+8.14,7886158,708.5850,827.5600,707.8350
2026/04/01,764.6500,61.8900,+8.81,6911873,734.8750,784.8938,732.0000
2026/03/31,702.7600,47.9700,+7.33,6115881,679.0000,703.4304,649.5001
2026/03/30,654.7900,47.9400,-6.82,7436360,725.8000,735.0000,642.3700
2026/03/27,702.7300,13.9300,+2.02,5275136,706.4100,732.8300,692.3301
2026/03/26,688.8000,88.3700,-11.37,6305625,744.8500,753.6600,687.5801
2026/03/25,777.1700,24.8200,-3.09,4969358,795.5000,808.8000,763.1100
2026/03/24,801.9900,73.0400,+10.02,6993697,728.8500,803.5800,728.8500
2026/03/23,728.9500,22.6000,+3.20,7352941,742.7450,766.0000,710.0300
2026/03/20,706.3500,65.7800,-8.52,22868788,785.4900,787.4499,680.6600
2026/03/19,772.1300,71.3200,+10.18,7567023,678.9850,775.0000,670.0000
2026/03/18,700.8100,51.2500,+7.89,9636401,709.1500,743.8600,696.0000
2026/03/17,649.5600,24.7200,+3.96,9003687,597.0000,669.9000,573.7300
2026/03/16,624.8400,2.3400,+0.38,5036596,656.0000,672.9899,607.2700
2026/03/13,622.5000,6.4100,+1.04,3849678,634.8100,639.5600,611.0800
2026/03/12,616.0900,55.9100,-8.32,4922452,643.5450,664.9950,616.0400
2026/03/11,672.0000,0.0000,0,4080641,651.0700,675.5800,637.0101
2026/03/10,672.0000,31.3100,+4.89,7128976,679.0100,715.7300,669.0000
2026/03/09,640.6900,82.2500,+14.73,7822740,578.0000,641.0200,573.6604
2026/03/06,558.4400,92.3800,-14.19,8754336,610.4450,642.0000,548.2397
2026/03/05,650.8200,29.9800,-4.40,6743769,644.7150,681.7500,614.1300
2026/03/04,680.8000,13.6300,-1.96,7905307,726.0000,736.0000,643.1800
2026/03/03,694.4300,88.8200,-11.34,7208705,727.0500,732.0000,681.1000
2026/03/02,783.2500,82.3400,+11.75,6888660,742.8950,783.8000,714.0000
2026/02/27,700.9100,23.9100,+3.53,8912170,679.9500,720.0999,672.0100
2026/02/26,677.0000,46.3900,-6.41,5468045,717.2850,728.2000,662.0000
2026/02/25,723.3900,35.1200,+5.10,4667742,713.7100,765.0000,712.7301
2026/02/24,688.2700,13.5400,+2.01,3573393,680.0100,698.5000,662.0000
2026/02/23,674.7300,6.9600,+1.04,4492980,664.0500,688.0700,652.2100
2026/02/20,667.7700,32.1300,+5.05,4289469,638.0000,678.0000,636.0000
2026/02/19,635.6400,41.3800,+6.96,4206198,592.5650,636.6800,578.3000
2026/02/18,594.2600,6.1600,-1.03,2995103,602.0900,610.3000,587.0000
2026/02/17,600.4200,37.6800,+6.70,5625048,538.0000,616.5200,528.0100
2026/02/13,562.7400,20.7200,-3.55,4973044,581.5400,593.4000,539.1800
2026/02/12,583.4600,9.3500,+1.63,4605731,593.3500,603.8300,568.2000
2026/02/11,574.1100,12.9800,+2.31,4011219,563.2450,597.0000,545.8800
2026/02/10,561.1300,16.0200,-2.78,4787725,548.2200,574.6900,530.2901
2026/02/09,577.1500,25.1600,+4.56,5903753,556.7200,599.5000,555.3500
2026/02/06,551.9900,47.5700,+9.43,6735517,540.0000,558.3800,513.2800
2026/02/05,504.4200,38.8800,+8.35,8673040,436.2200,507.5500,425.0100
2026/02/04,465.5400,30.4400,+7.00,12144862,473.1200,504.5800,426.0500
2026/02/03,435.1000,11.6800,+2.76,8109436,451.7400,464.0000,424.5200
2026/02/02,423.4200,31.5800,+8.06,5799104,405.4900,445.0000,404.9900
2026/01/30,391.8400,10.4000,+2.73,7098764,406.2500,448.0000,384.3300
2026/01/29,381.4400,3.5600,-0.92,4006603,388.0000,398.1600,364.1900
2026/01/28,385.0000,14.3400,+3.87,4356802,375.9150,394.8800,373.5700
2026/01/27,370.6600,38.2100,+11.49,3618616,341.8700,373.9999,340.0000
2026/01/26,332.4500,6.7400,-1.99,2726812,337.7500,350.6800,327.2900
2026/01/23,339.1900,15.3000,-4.32,3469371,354.4900,354.9675,334.0000
2026/01/22,354.4900,7.9500,-2.19,4465606,375.8650,391.4600,350.0000
2026/01/21,362.4400,5.6100,+1.57,4969377,373.6000,376.5400,350.0100
2026/01/20,356.8300,32.5800,+10.05,5318035,323.8250,357.6600,320.3100
2026/01/16,324.2500,19.0200,-5.54,3780692,348.5800,354.0000,317.4400
2026/01/15,343.2700,11.6500,+3.51,3651709,334.8650,354.5000,329.0000
2026/01/14,331.6200,29.7100,-8.22,3664973,354.1500,357.0000,327.3800
2026/01/13,361.3300,21.4600,+6.31,3834508,336.9350,364.5050,333.3400
2026/01/12,339.8700,11.5500,-3.29,5803944,340.3600,343.8000,322.6900
2026/01/09,351.4200,3.1600,+0.91,5914381,334.3020,362.7200,333.0100
2026/01/08,348.2600,44.6200,-11.36,5137293,394.3000,395.0400,343.0000
2026/01/07,392.8800,4.5400,-1.14,4716306,378.0200,402.7949,365.4700
2026/01/06,397.4200,40.3700,+11.31,5619673,355.6750,399.7199,339.0205
2026/01/05,357.0500,29.0600,-7.53,5787797,388.3400,393.0000,344.6700
2026/01/02,386.1100,17.5200,+4.75,2819252,379.3800,392.0000,375.0000
2025/12/31,368.5900,2.5900,-0.70,1595048,372.9900,379.5000,367.1201
2025/12/30,371.1800,1.4300,-0.38,1610100,373.9700,380.3200,370.0000
2025/12/29,372.6100,18.1600,-4.65,2965726,377.5100,387.1050,364.0200
2025/12/26,390.7700,5.1500,-1.30,1585282,397.7300,400.8900,384.6300
2025/12/24,395.9200,8.5100,+2.20,1522387,387.7500,401.6000,385.2000
2025/12/23,387.4100,2.4700,-0.63,1626959,380.9600,390.4100,380.9100
2025/12/22,389.8800,18.4500,+4.97,3125468,382.6500,391.2000,375.1500
2025/12/19,371.4300,34.3000,+10.17,4410196,339.0700,373.3400,339.0300
2025/12/18,337.1300,16.8800,+5.27,3966426,336.4000,343.6500,326.0500
2025/12/17,320.2500,4.1000,+1.30,4164181,337.9100,337.9100,315.0000
2025/12/16,316.1500,18.5400,-5.54,4921012,326.0100,331.4400,309.0700
2025/12/15,334.6900,10.3400,+3.19,4708487,341.4750,348.7500,333.0300
2025/12/12,324.3500,47.7400,-12.83,6869102,362.5600,365.8800,319.2900
2025/12/11,372.0900,6.0900,+1.66,3393952,365.1900,374.9700,348.0100
2025/12/10,366.0000,5.6700,+1.57,5333105,353.8200,376.5300,353.6600
2025/12/09,360.3300,17.7700,+5.19,4494280,342.7200,362.4300,335.5100
2025/12/08,342.5600,11.1500,+3.36,3269700,343.6000,345.7200,328.5540
2025/12/05,331.4100,3.5600,+1.09,3542575,340.9600,344.0000,325.6800
2025/12/04,327.8500,24.8700,+8.21,4444528,309.5300,330.3000,306.0000
2025/12/03,302.9800,0.1700,+0.06,3207388,306.9700,306.9700,288.5000
2025/12/02,302.8100,15.1200,-4.76,5794704,320.7800,323.5000,292.9001
2025/12/01,317.9300,7.2300,-2.22,4932874,314.9900,322.0000,306.1601
2025/11/28,325.1600,16.8800,+5.48,2194027,307.7400,325.4600,306.0200
2025/11/26,308.2800,17.0100,+5.84,4184466,289.7600,312.9900,279.0600
2025/11/25,291.2700,8.0900,-2.70,6371886,293.2800,295.9226,280.6300
2025/11/24,299.3600,43.7700,+17.13,7586237,267.2000,300.0000,266.0050
2025/11/21,255.5900,22.3500,+9.58,7714645,249.5000,259.0000,233.7200
2025/11/20,233.2400,35.6800,-13.27,7680894,280.0000,282.6599,229.5850
2025/11/19,268.9200,21.4900,+8.69,6481801,258.9600,280.2200,253.9500
2025/11/18,247.4300,5.3600,+2.21,5416381,245.3500,252.8300,232.1100
2025/11/17,242.0700,9.9200,+4.27,4212323,236.5000,252.1200,233.0000
2025/11/14,232.1500,5.2900,+2.33,4483856,215.5200,237.2200,215.3500
2025/11/13,226.8600,26.9500,-10.62,5436526,248.0700,249.3900,220.3400
2025/11/12,253.8100,1.3400,+0.53,4959774,262.4600,270.0000,250.7950
2025/11/11,252.4700,7.4200,-2.86,3518546,252.0100,259.1999,248.8950
2025/11/10,259.8900,19.7800,+8.24,7156781,256.7650,273.8920,255.7200
2025/11/07,240.1100,0.4300,+0.18,5621250,233.6400,243.7500,227.1200
2025/11/06,239.6800,6.9300,+2.98,7209907,243.7200,258.3500,236.9800
2025/11/05,232.7500,44.3900,+23.57,11152676,218.5000,240.7099,213.0000
2025/11/04,188.3600,11.2200,-5.62,5864261,187.8000,197.0700,184.2000
2025/11/03,199.5800,1.9800,-0.98,5246876,208.6900,210.9900,196.4700
2025/10/31,201.5600,1.4300,+0.71,3449855,201.2100,206.9900,197.1900
2025/10/30,200.1300,14.1500,-6.60,4242437,206.5700,212.9400,198.5400
2025/10/29,214.2800,15.8900,+8.01,6030158,201.0900,214.5000,198.1100
2025/10/28,198.3900,4.5900,+2.37,3168836,193.8100,199.8200,188.3000
2025/10/27,193.8000,14.5000,+8.09,5437782,193.6300,206.9100,190.0600
2025/10/24,179.3000,10.8000,+6.41,4055508,175.5500,182.0800,173.7300
2025/10/23,168.5000,10.4400,+6.61,2404389,158.8100,170.1700,157.3950
2025/10/22,158.0600,4.8900,-3.00,2407345,164.5300,166.9100,152.5400
2025/10/21,162.9500,1.9500,+1.21,2416945,161.0000,165.7563,157.5000
2025/10/20,161.0000,3.7700,-2.29,2675005,164.1800,169.9800,160.6000
2025/10/17,164.7700,1.5400,+0.94,2075480,160.6300,170.6000,160.4400
2025/10/16,163.2300,6.6600,+4.25,2608211,159.8800,168.1000,158.6201
2025/10/15,156.5700,0.2100,-0.13,2393439,162.4500,162.4500,154.6200
2025/10/14,156.7800,3.7800,-2.35,2443976,155.5200,161.1900,152.7800
2025/10/13,160.5600,10.9500,+7.32,2837873,158.3000,160.7800,155.4100
2025/10/10,149.6100,10.1500,-6.35,3375899,160.8000,160.8000,147.8100
2025/10/09,159.7600,3.3300,-2.04,1854372,163.6600,165.0300,159.1900
2025/10/08,163.0900,5.9400,+3.78,2258467,159.3800,163.6600,158.4700
2025/10/07,157.1500,3.4500,-2.15,2524297,160.9900,162.7490,154.1100
2025/10/06,160.6000,3.2100,-1.96,3114099,169.0000,170.7600,158.2100
2025/10/03,163.8100,5.9400,-3.50,3197369,170.8800,171.8000,159.7000
2025/10/02,169.7500,1.6500,-0.96,2194972,176.7500,178.4931,166.0589
2025/10/01,171.4000,8.6900,+5.34,3262198,159.2400,173.6000,158.6000
2025/09/30,162.7100,0.1300,+0.08,1709677,161.8800,165.4999,160.0000
2025/09/29,162.5800,1.8300,+1.14,2385177,165.0000,165.8700,162.2700
2025/09/26,160.7500,1.6400,+1.03,2310248,157.3600,160.8500,156.0700
2025/09/25,159.1100,6.3600,+4.16,4751829,146.6200,160.8299,144.5200
2025/09/24,152.7500,11.2400,-6.85,5478413,162.4750,163.1000,151.3700
2025/09/23,163.9900,0.7200,-0.44,3051966,164.6500,166.3150,161.2200
2025/09/22,164.7100,4.0200,-2.38,4080326,169.3800,170.0400,161.2100
2025/09/19,168.7300,2.7700,-1.62,4448258,171.3700,172.5000,167.5700
2025/09/18,171.5000,8.1600,+5.00,3518041,167.3600,173.3850,167.1250
2025/09/17,163.3400,7.5600,-4.42,4947563,168.7100,169.5777,160.8450
2025/09/16,170.9000,2.1300,+1.26,2925072,168.6500,171.8700,167.1500
2025/09/15,168.7700,5.7500,+3.53,3859197,163.6600,171.4800,162.7100
2025/09/12,163.0200,1.8600,-1.13,2954325,163.7800,166.5000,161.5800
2025/09/11,164.8800,0.0000,0,3672384,166.1500,168.0050,161.5700
2025/09/10,164.8800,13.1500,+8.67,5793990,159.5000,167.9600,158.3000
2025/09/09,151.7300,2.3300,+1.56,2154078,149.0200,152.6500,148.0100
2025/09/08,149.4000,0.0600,-0.04,3453603,150.9900,152.2500,148.4200
2025/09/05,149.4600,7.5500,+5.32,6409743,149.5000,152.2700,144.2000
2025/09/04,141.9100,7.7900,+5.81,8464834,137.0000,142.0100,133.9100
2025/09/03,134.1200,1.5650,+1.18,5218999,132.3400,135.2500,130.9700
2025/09/02,132.5550,0.2550,-0.19,2671632,127.8700,132.8800,125.0000
2025/08/29,132.8100,2.7400,-2.02,2842694,136.4600,137.1000,131.1800
2025/08/28,135.5500,9.7100,+7.72,6643922,128.2500,137.0800,127.1100
2025/08/27,125.8400,1.2200,+0.98,2972175,124.8600,128.2100,123.7785
2025/08/26,124.6200,1.2000,+0.97,3018816,124.3900,127.0299,123.5000
2025/08/25,123.4200,4.0800,+3.42,2887583,120.0000,125.4000,119.2500
2025/08/22,119.3400,1.9100,+1.63,2679832,116.8350,121.9900,115.8900
2025/08/21,117.4300,1.5400,+1.33,1867729,115.8900,117.8366,115.2050
2025/08/20,115.8900,2.0700,-1.75,3361655,115.1400,116.5900,111.2000
2025/08/19,117.9600,1.0200,-0.86,3167530,117.6000,119.1300,115.4200
2025/08/18,118.9800,3.1200,+2.69,2973913,116.4500,119.1700,115.0000
2025/08/15,115.8600,1.2400,+1.08,3165255,113.6100,116.5000,112.2000
2025/08/14,114.6200,5.6100,-4.67,5323980,117.3100,121.9900,112.5600
2025/08/13,120.2300,0.5700,+0.48,9253184,123.3000,129.9800,117.9301
2025/08/12,119.6600,4.6300,+4.03,5893958,116.1950,120.3000,116.0300
2025/08/11,115.0300,1.2400,-1.07,4315472,116.6900,119.4100,114.0100
2025/08/08,116.2700,5.1400,+4.63,2694616,112.8000,116.3500,112.1900
2025/08/07,111.1300,1.1200,+1.02,1339204,111.0000,113.0000,108.7100
2025/08/06,110.0100,1.8600,+1.72,2283391,109.5750,110.9200,108.3400
2025/08/05,108.1500,2.9800,-2.68,1648276,111.7300,111.9900,106.1600
2025/08/04,111.1300,4.4500,+4.17,1427835,108.7950,111.2000,107.0200
2025/08/01,106.6800,3.4000,-3.09,2431726,103.8400,108.4500,101.6100
2025/07/31,110.0800,0.2300,+0.21,2170740,110.6400,114.1199,109.6500
2025/07/30,109.8500,0.3700,+0.34,1927893,109.4000,111.2400,107.8900
2025/07/29,109.4800,2.3100,+2.16,2399239,109.3800,112.1000,108.0100
2025/07/28,107.1700,2.6500,+2.54,1264754,105.0200,107.2400,104.5000
2025/07/25,104.5200,1.6700,+1.62,914468,102.8800,104.6300,101.2200
2025/07/24,102.8500,0.7200,+0.70,1186609,102.5200,103.6500,101.8000
2025/07/23,102.1300,2.5000,+2.51,2827329,101.6696,104.6100,99.9200
2025/07/22,99.6300,4.2100,-4.05,3131157,103.1300,103.4800,97.5514
2025/07/21,103.8400,1.6200,+1.58,3612152,102.2200,105.4700,100.5300
2025/07/18,102.2200,0.4200,-0.41,1800633,103.4900,103.9000,100.4100
2025/07/17,102.6400,3.0100,+3.02,2921879,99.6300,103.0200,99.2900
2025/07/16,99.6300,1.4900,+1.52,2048955,98.1000,99.6800,95.1800
2025/07/15,98.1400,5.9000,+6.40,3303475,95.8500,98.5500,94.3210
2025/07/14,92.2400,0.7500,-0.81,1840776,92.7500,93.8600,90.9800
2025/07/11,92.9900,0.3700,+0.40,1403220,92.1900,94.1500,91.9250
2025/07/10,92.6200,2.1800,+2.41,2149321,90.7950,92.7800,88.9300
2025/07/09,90.4400,0.8700,-0.95,2333878,91.4600,91.7650,89.0160
2025/07/08,91.3100,0.2300,+0.25,1714750,92.9000,94.0800,90.6600
2025/07/07,91.0800,1.6700,-1.80,1561252,91.6600,92.4750,89.8200
2025/07/03,92.7500,1.5100,+1.65,1019464,91.1400,93.6750,90.9650
2025/07/02,91.2400,0.2500,-0.27,3004630,90.1400,91.2900,88.3700
2025/07/01,91.4900,3.5700,-3.76,2937934,92.9700,93.6100,88.7400
2025/06/30,95.0600,0.3100,+0.33,2980461,95.0000,96.6800,94.2600
2025/06/27,94.7500,0.0400,+0.04,2785251,94.6950,95.4299,92.7700
2025/06/26,94.7100,2.9400,+3.20,1709082,92.5300,94.9400,92.4000
2025/06/25,91.7700,0.0400,-0.04,1381456,92.9300,93.3600,91.2250
2025/06/24,91.8100,2.6500,+2.97,2091108,90.2600,92.5250,89.6100
2025/06/23,89.1600,0.5000,-0.56,1537467,88.8800,89.8900,86.6300
2025/06/20,89.6600,1.2000,+1.36,2105111,90.3450,90.6500,88.0818
2025/06/18,88.4600,2.1150,+2.45,2434918,87.3500,90.2000,86.5746
2025/06/17,86.3450,0.5650,+0.66,1870621,84.6400,87.1300,83.5900
2025/06/16,85.7800,3.3150,+4.02,2361119,83.4200,88.2100,83.4200
2025/06/13,82.4650,3.0350,-3.55,1667313,83.2000,84.5000,81.9300
2025/06/12,85.5000,3.1400,+3.81,1997168,82.3500,86.4200,82.0000
2025/06/11,82.3600,0.4000,+0.49,1799952,83.6700,84.2000,81.0400
2025/06/10,81.9600,0.1500,-0.18,2069118,83.7400,83.7400,80.3900
2025/06/09,82.1100,0.6500,+0.80,1273953,82.2700,83.3700,80.6645
2025/06/06,81.4600,0.1800,-0.22,1694845,83.0000,83.4500,80.4350
2025/06/05,81.6400,1.3600,+1.69,3464178,82.0100,84.9900,81.1045
2025/06/04,80.2800,2.6300,+3.39,4865066,83.7550,84.0389,79.4950
2025/06/03,77.6500,1.7900,+2.36,1851083,76.1200,79.3500,75.6200
2025/06/02,75.8600,3.5800,+4.95,1800604,73.0000,76.2600,72.2900
2025/05/30,72.2800,3.1300,-4.15,3313876,74.0600,74.4900,71.0400
2025/05/29,75.4100,2.4900,-3.20,1750124,80.0000,80.0000,75.1200
2025/05/28,77.9000,0.4700,-0.60,1531254,78.6400,79.2000,76.8750
2025/05/27,78.3700,2.6000,+3.43,1438625,77.3950,79.6800,76.6800
2025/05/23,75.7700,0.1100,-0.14,1133215,73.8900,75.9000,73.5900
2025/05/22,75.8800,0.0700,-0.09,1237269,75.7000,76.9000,75.2900
2025/05/21,75.9500,1.1600,-1.50,1718973,76.9300,78.4900,75.1800
2025/05/20,77.1100,0.7600,-0.98,1028381,77.0200,77.4300,76.2800
2025/05/19,77.8700,0.0800,-0.10,1178277,75.8800,77.9500,75.7500
2025/05/16,77.9500,0.1900,+0.24,2352670,77.9800,78.9300,75.7600
2025/05/15,77.7600,0.5300,-0.68,2523974,76.8700,79.0000,76.5500
2025/05/14,78.2900,3.7800,+5.07,4938323,74.9400,78.6000,74.8200
2025/05/13,74.5100,2.7800,+3.88,2888007,71.8000,75.2500,71.3750
2025/05/12,71.7300,6.8600,+10.57,3730073,70.7500,72.1500,69.2600
2025/05/09,64.8700,0.7900,-1.20,2324314,66.0700,66.8300,63.9800
2025/05/08,65.6600,0.5800,-0.88,4051990,67.8150,68.2500,64.8900
2025/05/07,66.2400,1.8200,+2.83,5554591,66.1700,67.0600,60.3800
2025/05/06,64.4200,1.2500,+1.98,4884607,60.8700,64.6000,60.5000
2025/05/05,63.1700,0.3100,+0.49,1819982,61.4900,63.8300,61.4900
2025/05/02,62.8600,1.3400,+2.18,2509471,63.3500,64.5900,62.3050
2025/05/01,61.5200,2.4800,+4.20,2560469,61.8650,64.4100,61.4500
2025/04/30,59.0400,0.9200,-1.53,1611212,57.4900,59.2500,56.8000
2025/04/29,59.9600,0.1200,-0.20,1048005,59.7600,60.8200,59.2400
2025/04/28,60.0800,0.0800,+0.13,1771308,59.5800,60.7600,58.8600
2025/04/25,60.0000,1.2300,+2.09,1466997,58.8200,61.1000,57.8800
2025/04/24,58.7700,3.6000,+6.53,2235980,55.2850,59.1950,55.0000
2025/04/23,55.1700,3.5300,+6.84,2604021,55.0250,60.2800,55.0250
2025/04/22,51.6400,1.5700,+3.14,1504146,51.3500,52.3899,50.4600
2025/04/21,50.0700,1.9300,-3.71,1474068,50.2700,50.6931,49.1300
2025/04/17,52.0000,0.2100,-0.40,1094101,52.2500,52.4550,50.6900
2025/04/16,52.2100,0.4800,-0.91,2058879,50.2500,52.6200,50.2500
2025/04/15,52.6900,0.3300,+0.63,1897029,52.6000,54.1529,52.5743
2025/04/14,52.3600,1.0900,+2.13,3458967,54.9200,55.6500,51.4100
2025/04/11,51.2700,3.2000,-5.87,4624183,53.2900,53.8299,50.6300
2025/04/10,54.4700,5.3400,-8.93,3274213,57.5900,57.9000,52.9450
2025/04/09,59.8100,9.7900,+19.57,5106492,49.4800,62.8800,48.8800
2025/04/08,50.0200,2.2400,-4.29,4243523,55.8300,56.6600,48.5100
2025/04/07,52.2600,2.7000,+5.45,4811269,48.0100,57.4000,47.0500
2025/04/04,49.5600,3.8900,-7.28,5873712,51.4400,51.7200,45.6500
2025/04/03,53.4500,13.3700,-20.01,5501694,61.4000,61.6000,53.0650
2025/04/02,66.8200,3.2300,+5.08,4008460,61.8400,68.9000,61.6400
2025/04/01,63.5900,1.2500,+2.01,3602302,62.0300,63.9100,59.8300
2025/03/31,62.3400,0.2400,-0.38,1597469,60.8500,62.5300,59.2500
2025/03/28,62.5800,1.4000,-2.19,1716033,63.2400,64.5500,61.5700
2025/03/27,63.9800,2.1300,-3.22,1835295,65.0000,65.2550,63.0000
2025/03/26,66.1100,4.9600,-6.98,2459932,71.0000,71.0200,65.5300
2025/03/25,71.0700,2.5600,-3.48,1539306,72.6800,73.6000,69.7800
2025/03/24,73.6300,7.0200,+10.54,2576010,70.5100,73.7100,70.4000
2025/03/21,66.6100,2.2200,-3.23,1762701,67.1500,67.9100,66.3300
2025/03/20,68.8300,1.6600,+2.47,2189833,65.9100,70.0600,65.9100
2025/03/19,67.1700,1.2900,+1.96,2433910,67.0500,69.6100,65.2100
2025/03/18,65.8800,2.4300,-3.56,4650507,67.5000,68.9800,63.3700
2025/03/17,68.3100,4.7000,+7.39,3365260,63.9600,68.4400,63.6700
2025/03/14,63.6100,3.3200,+5.51,2284056,61.8200,63.6700,60.5300
2025/03/13,60.2900,3.7300,-5.83,2759215,63.1900,63.1900,58.7000
2025/03/12,64.0200,1.9700,+3.17,3680294,65.0800,66.2700,63.8500
2025/03/11,62.0500,4.6400,+8.08,5382804,59.5100,64.5400,58.8050
2025/03/10,57.4100,4.7000,-7.57,3734276,59.6600,60.7500,55.9600
2025/03/07,62.1100,1.0200,+1.67,2899530,61.5500,62.8600,57.8500
2025/03/06,61.0900,6.2500,-9.28,2890801,64.5700,66.7800,60.9100
2025/03/05,67.3400,2.2500,+3.46,2117603,65.1400,67.9700,63.5400
2025/03/04,65.0900,0.6000,-0.91,3304341,62.8000,66.8900,61.3457
2025/03/03,65.6900,4.6400,-6.60,2905334,71.4200,71.4200,64.3800
2025/02/28,70.3300,0.7100,+1.02,2615148,68.5400,70.6200,66.6250
2025/02/27,69.6200,2.8800,-3.97,2107377,75.5400,75.5700,69.4500
2025/02/26,72.5000,2.1100,+3.00,1917336,72.1800,75.6300,71.9800
2025/02/25,70.3900,2.0800,-2.87,3035157,72.0500,72.1400,67.6600
2025/02/24,72.4700,0.8800,-1.20,2920877,73.3500,75.8900,71.0000
2025/02/21,73.3500,2.9900,-3.92,1987812,77.0050,79.4700,73.2100
2025/02/20,76.3400,0.9500,-1.23,2888153,77.3900,77.4150,73.3600
2025/02/19,77.2900,2.9300,-3.65,1730476,79.3800,79.8391,76.5300
2025/02/18,80.2200,2.5400,+3.27,1730127,78.4400,81.1600,77.2100
2025/02/14,77.6800,0.4500,-0.58,1783061,77.5000,79.1400,75.5200
2025/02/13,78.1300,1.0900,-1.38,2281885,79.3000,80.8500,76.5700
2025/02/12,79.2200,0.3800,-0.48,1946055,77.8300,80.5500,76.5800
2025/02/11,79.6000,2.3300,-2.84,2520368,80.5500,81.7704,79.4700
2025/02/10,81.9300,3.9700,-4.62,3574582,86.0900,86.3530,81.6900
2025/02/07,85.9000,6.7700,-7.31,6389994,87.1100,91.4900,84.3400
2025/02/06,92.6700,3.4800,+3.90,5130056,94.0000,95.0000,88.1500
2025/02/05,89.1900,2.8600,+3.31,2859065,87.0000,90.6499,86.0001
2025/02/04,86.3300,2.0200,+2.40,3098315,86.1950,88.0300,84.3900
2025/02/03,84.3100,0.7500,-0.88,2007763,80.1800,85.9600,78.8000
2025/01/31,85.0600,1.0800,+1.29,2119824,85.3000,88.0000,84.5400
2025/01/30,83.9800,6.0700,+7.79,2867903,84.0150,88.9900,83.0700
2025/01/29,77.9100,0.1100,+0.14,1863707,78.1100,80.8700,77.4001
2025/01/28,77.8000,3.6300,+4.89,3546525,76.8000,78.0600,74.9100
2025/01/27,74.1700,21.4800,-22.46,7619616,88.7300,88.8500,71.0500
2025/01/24,95.6500,3.6800,-3.70,1786566,100.0000,100.6389,95.4700
2025/01/23,99.3300,1.0500,-1.05,1302544,98.7200,100.7100,98.2457
2025/01/22,100.3800,2.9300,+3.01,2206800,99.4900,104.0000,99.1000
2025/01/21,97.4500,3.0400,+3.22,1825941,95.0000,97.7600,93.8300
2025/01/17,94.4100,5.0500,+5.65,1874206,94.1300,94.6900,91.6400
2025/01/16,89.3600,0.9600,+1.09,1617372,89.2800,90.8700,87.7650
2025/01/15,88.4000,3.3200,+3.90,1141155,88.1500,89.2100,86.1600
2025/01/14,85.0800,1.3400,+1.60,1192321,85.1000,87.2400,84.6500
2025/01/13,83.7400,0.6400,-0.76,1996054,82.0000,83.9800,80.0000
2025/01/10,84.3800,0.8100,-0.95,1236408,83.3600,86.0200,82.7000
2025/01/08,85.1900,1.4000,-1.62,1114604,85.7700,86.6599,83.2300
2025/01/07,86.5900,3.8500,-4.26,1714896,90.7800,91.3300,85.4028
2025/01/06,90.4400,1.0900,+1.22,1804237,90.9100,92.7600,89.8750
2025/01/03,89.3500,3.7500,+4.38,1506295,86.3600,89.6100,86.2800
2025/01/02,85.6000,1.6500,+1.97,1449159,84.1600,86.2625,82.3100
2024/12/31,83.9500,0.1100,+0.13,954817,83.9700,85.5000,83.2300
2024/12/30,83.8400,0.5200,-0.62,724618,83.2100,84.8800,82.0300
2024/12/27,84.3600,1.3300,-1.55,583626,84.8600,85.9300,83.2600
2024/12/26,85.6900,1.3500,+1.60,683152,83.6300,86.4000,83.0300
2024/12/24,84.3400,1.1200,+1.35,514446,82.9000,84.5300,81.6500
2024/12/23,83.2200,1.8600,-2.19,1538757,85.2500,86.4300,82.8900
2024/12/20,85.0800,1.5200,+1.82,2130165,82.3000,86.5500,81.8650
2024/12/19,83.5600,0.6600,+0.80,1482603,84.4000,87.3900,82.6150
2024/12/18,82.9000,6.0200,-6.77,3009951,89.9700,90.4700,81.3850
2024/12/17,88.9200,4.2600,-4.57,1391582,91.4000,92.1800,88.5000
2024/12/16,93.1800,0.2600,+0.28,1654496,92.8300,95.6800,92.6100
2024/12/13,92.9200,2.1700,+2.39,1427887,93.6000,96.2500,91.1000
2024/12/12,90.7500,2.5500,+2.89,1836171,89.8700,94.8200,89.0000
2024/12/11,88.2000,1.2300,+1.41,1594599,88.0000,89.8991,86.9900
2024/12/10,86.9700,2.8300,-3.15,1571733,89.8000,90.1550,86.2100
2024/12/09,89.8000,3.0400,-3.27,1146088,93.3800,93.3800,88.8000
2024/12/06,92.8400,0.2000,+0.22,1483212,93.2100,94.2200,91.5500
2024/12/05,92.6400,2.2600,-2.38,1608907,94.0800,95.3000,92.2800
2024/12/04,94.9000,6.2000,+6.99,3231670,90.0000,95.9200,89.7550
2024/12/03,88.7000,2.3300,+2.70,1421739,86.9600,89.9200,86.2400
2024/12/02,86.3700,0.6000,-0.69,1007344,87.1900,88.3350,86.1400
2024/11/29,86.9700,3.2000,+3.82,975161,84.5000,87.2300,83.9100
2024/11/27,83.7700,3.2100,-3.69,1478043,86.1300,87.0000,82.6100
2024/11/26,86.9800,0.2200,-0.25,1144430,87.5900,88.9400,86.5200
2024/11/25,87.2000,1.8900,-2.12,3294568,89.6100,91.2100,86.9550
2024/11/22,89.0900,3.4800,+4.06,2309919,85.8200,89.6400,85.2201
2024/11/21,85.6100,3.1400,+3.81,3656638,86.3200,90.5100,84.7200
2024/11/20,82.4700,0.0100,-0.01,1586756,81.6500,83.1200,80.2200
2024/11/19,82.4800,1.9400,+2.41,1278100,79.6800,82.9700,79.0000
2024/11/18,80.5400,0.9100,-1.12,1342160,81.9500,82.0250,80.0100
2024/11/15,81.4500,3.6800,-4.32,1784788,83.6000,84.4500,79.9400
2024/11/14,85.1300,2.9300,-3.33,1737078,88.1200,88.8500,84.9900
2024/11/13,88.0600,1.4100,+1.63,2024878,87.1600,88.5300,86.5050
2024/11/12,86.6500,0.0700,-0.08,2124827,86.0400,88.6900,85.8700
2024/11/11,86.7200,2.8700,+3.42,3190825,85.0100,89.7000,84.8600
2024/11/08,83.8500,10.2100,+13.86,7369004,86.5000,88.0000,81.0300
2024/11/07,73.6400,1.6700,+2.32,2900903,73.0700,73.9000,72.0700
2024/11/06,71.9700,5.7900,+8.75,4198692,67.9700,72.7695,67.9000
2024/11/05,66.1800,2.0100,+3.13,1669720,64.9300,66.6400,64.6000
2024/11/04,64.1700,1.1800,-1.81,1257812,65.0600,65.6350,64.1300
2024/11/01,65.3500,1.4800,+2.32,1451959,63.1400,65.6900,62.3800
2024/10/31,63.8700,1.4800,-2.26,1256357,65.0900,65.0900,62.7800
2024/10/30,65.3500,0.4100,-0.62,1015279,64.6400,66.2800,64.6200
2024/10/29,65.7600,0.8000,+1.23,1001141,65.1500,66.5899,64.8700
2024/10/28,64.9600,0.5900,+0.92,772493,64.9400,65.7000,64.4600
2024/10/25,64.3700,0.2700,-0.42,830384,65.0800,65.0800,63.7000
2024/10/24,64.6400,1.0200,-1.55,984986,66.1400,66.2050,64.2300
2024/10/23,65.6600,0.8800,-1.32,1427841,65.9700,67.5400,65.0550
2024/10/22,66.5400,0.9800,+1.49,1482721,65.9000,67.7200,65.2000
2024/10/21,65.5600,0.6700,-1.01,1742377,65.1100,65.8180,63.4600
2024/10/18,66.2300,3.3900,-4.87,1533006,69.6600,69.9600,66.0900
2024/10/17,69.6200,0.8400,+1.22,2153255,69.8700,71.0700,69.1400
2024/10/16,68.7800,2.2000,+3.30,1602746,67.4300,69.1600,66.7900
2024/10/15,66.5800,2.6500,-3.83,1667435,69.4000,70.0900,66.3000
2024/10/14,69.2300,0.9900,+1.45,1272007,68.6800,69.4000,67.8800
2024/10/11,68.2400,1.1400,+1.70,1282402,66.8500,68.6500,66.8500
2024/10/10,67.1000,0.5800,-0.86,1200112,67.1100,67.9200,66.4700
2024/10/09,67.6800,0.0700,-0.10,1071663,67.5000,68.1750,66.8400
2024/10/08,67.7500,0.4800,+0.71,1081577,67.2600,68.7400,66.8800
2024/10/07,67.2700,1.5300,-2.22,2141990,67.9400,68.7700,65.7600
2024/10/04,68.8000,2.6400,+3.99,2260693,67.9800,68.8100,66.6800
2024/10/03,66.1600,1.1600,+1.78,1406745,63.8800,66.2200,63.7200
2024/10/02,65.0000,3.5100,+5.71,1150196,61.5000,65.0100,61.5000
2024/10/01,61.4900,1.8900,-2.98,1426801,63.5600,64.1300,60.8400
2024/09/30,63.3800,1.1500,-1.78,1171482,63.9000,64.1300,62.3400
2024/09/27,64.5300,0.2100,-0.32,2313560,65.0200,65.5160,63.5300
2024/09/26,64.7400,3.7900,+6.22,2515637,62.4200,65.2400,62.3196
2024/09/25,60.9500,0.1600,+0.26,1505679,60.6000,61.6300,60.0800
2024/09/24,60.7900,0.4400,-0.72,2399928,61.5800,62.0800,59.8150
2024/09/23,61.2300,0.1200,-0.20,1171093,61.2150,62.1500,60.3950
2024/09/20,61.3500,0.2100,+0.34,1583112,61.0000,61.4500,59.7501
2024/09/19,61.1400,2.8600,+4.91,2657299,60.0300,62.2100,58.9800
2024/09/18,58.2800,0.0900,-0.15,1341823,58.5800,59.9300,57.8200
2024/09/17,58.3700,1.7800,+3.15,1668607,57.0000,58.5200,56.8400
2024/09/16,56.5900,0.8100,+1.45,1490700,55.1100,56.8300,54.4000
2024/09/13,55.7800,1.5300,+2.82,965371,54.7200,56.6200,54.6800
2024/09/12,54.2500,0.3000,+0.56,1230760,54.1400,55.1700,53.4250
2024/09/11,53.9500,2.8500,+5.58,855735,51.2500,54.0200,50.8400
2024/09/10,51.1000,0.1000,-0.20,654372,51.0800,51.7700,50.2900
2024/09/09,51.2000,0.9100,-1.75,1301044,52.1100,52.4000,50.5950
2024/09/06,52.1100,2.9700,-5.39,1258774,55.0000,55.0000,51.6850
2024/09/05,55.0800,0.3500,-0.63,744665,55.4100,55.8800,54.1100
2024/09/04,55.4300,2.4200,+4.57,1534463,52.6000,56.0100,52.5100
2024/09/03,53.0100,4.6000,-7.98,1881043,57.0000,57.0950,52.9000
2024/08/30,57.6100,1.0800,+1.91,1674628,57.0900,57.7900,56.5357
2024/08/29,56.5300,0.0400,-0.07,1264425,56.8100,58.0100,55.8700
2024/08/28,56.5700,0.9100,-1.58,1205906,57.4000,57.7700,55.6900
2024/08/27,57.4800,1.0700,+1.90,1100435,55.2900,57.7500,55.0700
2024/08/26,56.4100,2.7600,-4.66,1851952,58.7200,58.7500,56.1450
2024/08/23,59.1700,3.5800,+6.44,1973390,55.9900,59.1800,55.7800
2024/08/22,55.5900,0.8000,-1.42,1321189,57.1000,57.6500,55.4900
2024/08/21,56.3900,0.3000,+0.53,1624949,55.2800,57.1100,54.6800
2024/08/20,56.0900,3.2700,+6.19,2895722,53.1100,57.0800,53.0000
2024/08/19,52.8200,0.8400,+1.62,1962534,51.9800,52.8500,51.1400
2024/08/16,51.9800,0.2800,-0.54,2467378,52.2700,54.1600,51.4500
2024/08/15,52.2600,6.7300,+14.78,7859676,51.2500,53.3900,50.5875
2024/08/14,45.5300,0.7100,-1.54,2722600,46.3700,47.5000,45.5000
2024/08/13,46.2400,1.3000,+2.89,2362376,45.4900,46.5700,44.7700
2024/08/12,44.9400,1.6900,+3.91,1509023,43.7700,45.9100,43.2800
2024/08/09,43.2500,0.0900,-0.21,950309,43.2200,43.6600,42.0500
2024/08/08,43.3400,3.0600,+7.60,1536357,42.1200,43.4200,40.9000
2024/08/07,40.2800,1.3100,-3.15,1425058,42.6500,43.9800,40.2600
2024/08/06,41.5900,0.1200,+0.29,1654389,41.8100,43.0800,40.9600
2024/08/05,41.4700,2.8600,-6.45,3649997,40.7000,42.1400,38.2850
2024/08/02,44.3300,3.6800,-7.67,1795908,46.3000,47.0250,44.2900
2024/08/01,48.0100,3.7700,-7.28,2060578,52.1200,52.9100,47.6600
2024/07/31,51.7800,2.7300,+5.57,2367668,50.3600,52.9100,50.0112
2024/07/30,49.0500,2.7500,-5.31,2319905,51.8600,52.2400,48.5600
2024/07/29,51.8000,0.0300,-0.06,628227,51.9900,52.9200,51.4800
2024/07/26,51.8300,1.0000,+1.97,1255207,51.4500,51.8600,50.5450
2024/07/25,50.8300,1.8800,-3.57,1568101,52.7800,52.7800,50.7100
2024/07/24,52.7100,2.0900,-3.81,1323630,54.1200,54.8200,52.6700
2024/07/23,54.8000,0.6200,-1.12,1069943,54.8600,55.4500,54.0300
2024/07/22,55.4200,0.6500,+1.19,1023940,55.6200,55.8300,54.5500
2024/07/19,54.7700,0.7300,-1.32,960618,55.5100,55.7300,54.3000
2024/07/18,55.5000,1.9100,-3.33,2316374,57.5000,57.9300,54.5000
2024/07/17,57.4100,1.6800,-2.84,1362724,58.3300,58.6200,56.8700
2024/07/16,59.0900,1.1200,+1.93,1326616,58.2700,59.1900,57.1300
2024/07/15,57.9700,1.2700,-2.14,1086885,59.1500,59.6300,57.8300
2024/07/12,59.2400,1.9100,+3.33,1351793,57.8400,60.4000,57.4300
2024/07/11,57.3300,1.0700,+1.90,1234601,56.8000,57.5600,56.0500
2024/07/10,56.2600,0.4200,+0.75,968719,56.2600,56.5400,55.3300
2024/07/09,55.8400,0.3500,-0.62,844193,56.1100,56.4900,55.0365
2024/07/08,56.1900,0.8400,+1.52,1475088,55.8000,57.5400,55.4000
2024/07/05,55.3500,1.1100,+2.05,677417,54.1400,55.4300,53.7660
2024/07/03,54.2400,0.3000,+0.56,537654,54.0800,54.5150,53.8000
2024/07/02,53.9400,2.5100,+4.88,1492418,51.3000,54.0000,51.3000
2024/07/01,51.4300,0.5100,+1.00,1118266,50.6300,51.7700,50.4700
2024/06/28,50.9200,1.8800,+3.83,1576523,49.4000,51.5000,49.1000
2024/06/27,49.0400,0.0900,-0.18,599444,49.0000,49.1300,47.8400
2024/06/26,49.1300,0.0600,-0.12,621744,49.0400,49.3400,48.3900
2024/06/25,49.1900,1.6100,+3.38,587505,47.5800,49.4650,47.2000
2024/06/24,47.5800,1.0800,-2.22,472698,48.4500,49.4300,47.5200
2024/06/21,48.6600,0.7500,+1.57,1216361,47.9200,48.9900,47.5300
2024/06/20,47.9100,1.6700,-3.37,905083,49.4300,49.5700,47.8350
2024/06/18,49.5800,0.4200,-0.84,974522,50.0100,50.7300,49.4200
2024/06/17,50.0000,2.7200,+5.75,1084109,47.2800,50.0800,47.0638
2024/06/14,47.2800,0.2700,-0.57,408565,47.0000,47.4650,46.3825
2024/06/13,47.5500,0.6400,+1.36,583636,46.8050,47.7100,45.9600
2024/06/12,46.9100,1.4400,+3.17,1080326,46.6100,48.3900,46.3700
2024/06/11,45.4700,1.5000,-3.19,776175,46.7200,46.7200,44.9400
2024/06/10,46.9700,1.1800,+2.58,829264,45.1700,47.1200,45.1100
2024/06/07,45.7900,0.2000,+0.44,591856,44.9700,45.8300,44.8250
2024/06/06,45.5900,0.1900,+0.42,679331,45.8100,46.4600,45.2600
2024/06/05,45.4000,2.3800,+5.53,700080,43.3400,45.4700,43.2000
2024/06/04,43.0200,1.1900,-2.69,643961,43.6800,43.6800,42.9750
2024/06/03,44.2100,0.7100,+1.63,855409,44.1900,44.8500,43.3400
2024/05/31,43.5000,0.1400,+0.32,823813,43.5400,43.8800,42.1900
2024/05/30,43.3600,0.0700,-0.16,831520,43.6100,43.8800,42.8600
2024/05/29,43.4300,1.4500,-3.23,880260,44.0400,44.2700,43.3800
2024/05/28,44.8800,1.4000,-3.03,1037502,46.6000,46.6350,44.8300
2024/05/24,46.2800,0.3600,+0.78,919617,46.1700,46.5000,45.4400
2024/05/23,45.9200,0.4300,+0.95,1061448,45.9700,46.6100,45.1900
2024/05/22,45.4900,0.5200,-1.13,850365,46.1700,46.4100,45.2000
2024/05/21,46.0100,1.1800,-2.50,852025,46.7600,46.7600,45.6600
2024/05/20,47.1900,1.1400,+2.48,1055475,45.9400,47.5200,45.9400
2024/05/17,46.0500,0.7500,-1.60,785534,46.9400,47.3600,45.9400
2024/05/16,46.8000,1.0800,+2.36,1076318,45.6600,46.9400,44.7900
2024/05/15,45.7200,1.1100,+2.49,1242042,45.2000,45.8490,44.5400
2024/05/14,44.6100,0.6100,+1.39,787983,44.4700,45.1400,44.2738
2024/05/13,44.0000,0.2100,+0.48,979283,43.9300,45.3900,43.7700
2024/05/10,43.7900,0.1800,+0.41,834694,43.7000,44.1000,43.3300
2024/05/09,43.6100,1.0200,+2.39,1335200,42.3900,43.9300,41.8400
2024/05/08,42.5900,1.1900,+2.87,2976314,41.0300,43.2100,40.8100
2024/05/07,41.4000,2.7100,-6.14,4259098,47.4100,48.1200,41.3200
2024/05/06,44.1100,0.6300,-1.41,3330965,45.4800,45.4800,43.9500
2024/05/03,44.7400,0.4500,+1.02,1795315,45.7600,46.2000,44.3500
2024/05/02,44.2900,0.7700,+1.77,825125,44.4400,44.4400,42.6000
2024/05/01,43.5200,0.2400,-0.55,972990,43.3000,45.2150,43.0800
2024/04/30,43.7600,0.2400,+0.55,1548087,43.1600,44.3700,43.1600
2024/04/29,43.5200,0.1000,+0.23,750949,43.4200,44.3000,43.3501
2024/04/26,43.4200,1.4100,+3.36,705153,42.1600,43.5700,42.0300
2024/04/25,42.0100,0.0500,-0.12,942235,41.7700,42.3100,41.4350
2024/04/24,42.0600,0.0500,+0.12,825933,42.0300,42.6200,41.7500
2024/04/23,42.0100,0.6700,+1.62,1032315,41.2100,42.6700,41.2050
2024/04/22,41.3400,0.4000,-0.96,946527,41.8000,41.9600,40.7400
2024/04/19,41.7400,0.7000,-1.65,1109264,42.4300,43.0500,41.6900
2024/04/18,42.4400,0.4600,+1.10,1046213,41.9700,43.0600,41.6700
2024/04/17,41.9800,1.3300,-3.07,728935,43.3500,43.8100,41.9500
2024/04/16,43.3100,1.5000,+3.59,1540693,42.0500,43.4500,41.9500
2024/04/15,41.8100,1.6400,-3.77,951030,43.7500,43.9200,41.7600
2024/04/12,43.4500,1.7300,-3.83,687125,44.4700,44.7600,43.3000
2024/04/11,45.1800,0.1600,-0.35,887364,45.2900,45.7000,44.5700
2024/04/10,45.3400,1.9100,-4.04,725602,45.8600,46.4900,44.8200
2024/04/09,47.2500,1.3600,+2.96,693873,45.8900,47.3800,45.8900
2024/04/08,45.8900,0.0100,-0.02,638430,46.0300,46.6100,45.8300
2024/04/05,45.9000,0.6000,-1.29,718659,46.4300,46.6200,45.7500
2024/04/04,46.5000,1.3500,-2.82,561718,48.7200,48.7200,46.3400
2024/04/03,47.8500,0.3500,+0.74,649553,47.4000,48.3100,46.8550
2024/04/02,47.5000,0.6500,-1.35,1070111,47.5400,47.6700,46.5300
2024/04/01,48.1500,0.8000,+1.69,943675,47.5900,48.4400,47.0800
2024/03/28,47.3500,1.1000,-2.27,1199077,48.1600,48.4600,47.1590
2024/03/27,48.4500,0.0400,+0.08,1643935,48.6600,48.9100,47.5600
2024/03/26,48.4100,2.6700,-5.23,1948872,51.3000,52.0800,48.3100
2024/03/25,51.0800,0.2000,+0.39,750678,50.6200,51.1400,49.9800
2024/03/22,50.8800,0.3200,+0.63,1321679,50.3900,51.0100,49.6350
2024/03/21,50.5600,1.7500,+3.59,1215927,49.5900,51.4700,49.4500
2024/03/20,48.8100,2.2900,+4.92,1355720,46.5400,49.3000,46.4450
2024/03/19,46.5200,0.2700,-0.58,1064701,46.2700,46.6100,45.4500
2024/03/18,46.7900,1.2400,+2.72,1288446,45.6200,47.1200,45.5700
2024/03/15,45.5500,0.7000,-1.51,1592994,45.7800,46.1850,45.1000
2024/03/14,46.2500,0.8100,-1.72,1927223,46.8100,47.1950,45.7500
2024/03/13,47.0600,0.1800,+0.38,919544,46.6700,47.2800,46.1900
2024/03/12,46.8800,0.0100,+0.02,743703,46.9900,47.7600,46.6000
2024/03/11,46.8700,0.8100,-1.70,787128,47.2900,47.7600,46.6200
2024/03/08,47.6800,1.1800,-2.42,1594421,49.6400,50.4900,47.4901
2024/03/07,48.8600,1.4700,-2.92,2011649,49.7500,50.0600,47.9500
2024/03/06,50.3300,0.4600,-0.91,1379261,51.5100,51.7800,50.2600
2024/03/05,50.7900,0.0300,+0.06,1286155,50.1500,51.9000,49.7300
2024/03/04,50.7600,0.2700,+0.53,1989649,51.0000,53.1700,50.6100
2024/03/01,50.4900,2.0200,+4.17,2970735,48.8900,50.6000,48.1720
2024/02/29,48.4700,1.3000,+2.76,1604269,47.5500,48.9900,47.5000
2024/02/28,47.1700,1.2200,-2.52,963811,47.8200,47.8500,46.8600
2024/02/27,48.3900,1.0300,-2.08,1038846,49.8400,49.9600,48.0200
2024/02/26,49.4200,0.3400,+0.69,1125024,48.9100,50.0000,48.5900
2024/02/23,49.0800,1.0400,-2.08,1165960,49.8000,49.8000,47.8400
2024/02/22,50.1200,2.1100,+4.39,1494906,48.7200,50.4800,48.5900
2024/02/21,48.0100,1.3200,-2.68,1188210,48.7000,48.9500,47.6100
2024/02/20,49.3300,0.4400,-0.88,1177966,49.1100,49.7100,48.0100
2024/02/16,49.7700,0.5800,+1.18,1532931,48.4900,50.8700,48.3600
2024/02/15,49.1900,0.4000,-0.81,1399503,49.8800,50.5100,49.0794
2024/02/14,49.5900,2.0000,+4.20,1739024,48.4000,50.1850,47.9000
2024/02/13,47.5900,2.7500,-5.46,1929241,48.5000,49.2900,47.1600
2024/02/12,50.3400,0.1350,+0.27,2746238,50.5800,52.1900,49.3450
2024/02/09,50.2050,4.6200,+10.13,4750068,45.8100,50.8000,45.8100
2024/02/08,45.5850,13.1850,-22.43,11262470,51.2600,51.3180,45.3800
2024/02/07,58.7700,0.0700,-0.12,3961355,58.8400,60.9400,58.1900
2024/02/06,58.8400,3.2400,+5.83,3659219,59.7600,60.9900,58.2500
2024/02/05,55.6000,0.8800,-1.56,1000825,55.9200,56.0600,54.4700
2024/02/02,56.4800,0.3300,+0.59,1198121,55.5500,57.0000,55.3820
2024/02/01,56.1500,1.2100,+2.20,894380,55.2800,56.3700,55.0000
2024/01/31,54.9400,0.8000,-1.44,1209665,55.2300,56.5000,54.4800
2024/01/30,55.7400,1.1900,-2.09,1310606,56.3700,56.8000,55.7200
2024/01/29,56.9300,1.6600,+3.00,1300188,55.2700,57.2400,55.2700
2024/01/26,55.2700,0.6500,-1.16,1110086,55.8000,56.7100,55.2700
2024/01/25,55.9200,1.3100,+2.40,2543274,55.6400,56.8200,55.5000
2024/01/24,54.6100,0.3100,+0.57,817422,54.7500,55.8250,54.2000
2024/01/23,54.3000,0.1200,+0.22,959700,54.9000,55.2500,53.5000
2024/01/22,54.1800,0.3800,+0.71,926599,54.2900,55.1900,53.9700
2024/01/19,53.8000,0.9700,+1.84,1293419,52.9200,54.1200,52.5425
2024/01/18,52.8300,1.2500,+2.42,674319,52.5500,52.9100,51.9099
2024/01/17,51.5800,1.0700,-2.03,570055,51.4100,52.0800,50.6900
2024/01/16,52.6500,1.9500,+3.85,1102414,49.9000,53.0700,49.5600
2024/01/12,50.7000,0.7400,-1.44,603114,52.2800,52.2800,50.6950
2024/01/11,51.4400,0.5600,-1.08,469651,51.9100,51.9100,50.7600
2024/01/10,52.0000,0.2200,+0.42,588199,51.7400,52.3850,51.1900
2024/01/09,51.7800,0.6100,+1.19,878418,50.2100,51.8280,50.1700
2024/01/08,51.1700,0.7000,+1.39,1065158,50.7500,52.0000,50.7200
2024/01/05,50.4700,0.2700,+0.54,1134767,50.0200,51.0050,49.4800
2024/01/04,50.2000,0.2500,+0.50,823964,49.8200,50.2200,48.8600
2024/01/03,49.9500,2.0900,-4.02,972834,50.8100,51.6400,49.8700
2024/01/02,52.0400,0.3800,-0.72,982976,52.0000,52.8400,51.5800
2023/12/29,52.4200,0.8400,-1.58,757027,53.0200,53.4350,52.3300
2023/12/28,53.2600,0.1200,-0.22,440566,53.3200,53.5700,52.9600
2023/12/27,53.3800,0.1300,-0.24,427505,53.7400,53.8300,52.9100
2023/12/26,53.5100,0.5100,+0.96,822545,53.1000,54.0600,52.8500
2023/12/22,53.0000,1.5000,+2.91,1884985,53.5000,54.6000,52.8400
2023/12/21,51.5000,1.4400,+2.88,735686,50.9400,51.7000,50.4500
2023/12/20,50.0600,0.4200,-0.83,1212084,50.1400,51.4650,49.3700
2023/12/19,50.4800,0.8300,+1.67,738264,49.9900,50.6344,49.6476
2023/12/18,49.6500,0.1300,+0.26,902188,49.5200,49.8000,48.9650
2023/12/15,49.5200,0.3400,-0.68,1525032,49.6200,49.8900,49.0100
2023/12/14,49.8600,3.4000,+7.32,1843813,47.4000,49.9700,47.1200
2023/12/13,46.4600,1.6000,+3.57,1106135,44.7700,46.5500,44.5400
2023/12/12,44.8600,0.2000,-0.44,998866,45.0700,45.0700,43.9800
2023/12/11,45.0600,1.0300,+2.34,1214207,44.0800,45.4300,43.9350
2023/12/08,44.0300,0.4800,+1.10,1090546,43.4900,44.7900,43.4250
2023/12/07,43.5500,2.2300,+5.40,1449701,41.3700,44.0700,41.2000
2023/12/06,41.3200,0.6300,-1.50,1292135,42.4500,43.1400,41.0500
2023/12/05,41.9500,2.1300,-4.83,1689068,43.6200,43.6577,41.2516
2023/12/04,44.0800,0.1700,-0.38,879901,43.8700,44.3350,42.9900
2023/12/01,44.2500,1.4500,+3.39,1031177,42.6700,44.4400,42.4950
2023/11/30,42.8000,0.3000,-0.70,1373983,43.1000,43.2700,42.4515
2023/11/29,43.1000,0.8000,+1.89,725101,42.7600,43.7900,42.6200
2023/11/28,42.3000,0.7100,-1.65,1112660,42.6200,42.6200,41.5500
2023/11/27,43.0100,0.7800,-1.78,792810,43.4800,43.8900,42.9700
2023/11/24,43.7900,0.2300,+0.53,249103,43.6600,44.0500,43.1976
2023/11/22,43.5600,0.6200,+1.44,530795,43.3400,43.9000,43.1400
2023/11/21,42.9400,1.3800,-3.11,844582,43.8700,44.1300,42.8400
2023/11/20,44.3200,0.1500,+0.34,709156,44.1700,44.8100,43.9500
2023/11/17,44.1700,0.4000,+0.91,812357,44.0300,44.1900,43.4200
2023/11/16,43.7700,1.3700,-3.04,1403850,43.7200,44.3500,43.1900
2023/11/15,45.1400,1.5800,+3.63,1563162,43.5300,45.2800,43.2200
2023/11/14,43.5600,2.6400,+6.45,1707797,42.3900,43.9300,42.3900
2023/11/13,40.9200,0.3800,+0.94,1186645,40.1000,41.5400,39.6000
2023/11/10,40.5400,1.0200,+2.58,1675597,39.8100,40.8100,39.0100
2023/11/09,39.5200,3.3500,-7.81,2107126,42.9600,43.4450,39.2710
2023/11/08,42.8700,0.8500,+2.02,2523069,44.4100,46.4000,42.7100
2023/11/07,42.0200,0.3200,-0.76,2010885,42.0100,42.5800,41.3500
2023/11/06,42.3400,0.4200,-0.98,1256829,42.4900,43.3900,42.2700
2023/11/03,42.7600,2.3100,+5.71,2199035,41.2600,42.8300,40.8650
2023/11/02,40.4500,1.7300,+4.47,1093419,39.7000,40.5800,39.0250
2023/11/01,38.7200,0.4900,-1.25,1240970,39.1300,39.1300,37.9900
2023/10/31,39.2100,0.5800,-1.46,1136581,39.7600,40.0100,38.8300
2023/10/30,39.7900,3.7200,+10.31,3411514,39.9700,41.2000,39.0100
2023/10/27,36.0700,0.0500,-0.14,1083257,36.1100,36.7100,35.3500
2023/10/26,36.1200,0.8100,-2.19,1774556,36.8500,37.1100,35.8850
2023/10/25,36.9300,1.6300,-4.23,1147684,38.2500,38.3230,36.7200
2023/10/24,38.5600,0.9300,+2.47,1352671,37.6300,38.6500,37.5700
2023/10/23,37.6300,1.0100,-2.61,1169085,38.6000,38.6000,37.5300
2023/10/20,38.6400,0.7100,-1.80,1276386,39.2500,39.3850,38.5950
2023/10/19,39.3500,0.4900,-1.23,1430074,39.7000,40.1900,38.9650
2023/10/18,39.8400,1.4100,-3.42,1203668,40.7400,40.8400,39.7600
2023/10/17,41.2500,0.9100,-2.16,1578112,41.2600,41.9800,40.9250
2023/10/16,42.1600,0.7400,+1.79,1316108,41.6300,42.6700,41.5100
2023/10/13,41.4200,0.4100,-0.98,714576,41.8500,42.2800,41.1700
2023/10/12,41.8300,1.0400,-2.43,657588,43.0700,43.1800,41.3750
2023/10/11,42.8700,0.8700,+2.07,910657,42.2700,42.8850,41.9110
2023/10/10,42.0000,0.7400,+1.79,1188549,42.1000,43.3550,41.6600
2023/10/09,41.2600,0.0400,+0.10,967516,40.8800,41.3700,40.2700
2023/10/06,41.2200,0.3900,-0.94,1148169,41.0800,41.8700,40.8000
2023/10/05,41.6100,1.4600,-3.39,1408082,42.9500,43.0250,40.8750
2023/10/04,43.0700,1.6800,-3.75,1638797,44.5300,44.7000,42.7000
2023/10/03,44.7500,0.9300,-2.04,1011855,45.0500,45.2100,44.0300
2023/10/02,45.6800,0.5000,+1.11,1229846,45.4600,46.1400,44.9600
2023/09/29,45.1800,0.2300,+0.51,789679,45.6200,45.9850,44.9700
2023/09/28,44.9500,1.1200,+2.56,1378667,44.0300,45.3000,43.8900
2023/09/27,43.8300,0.9700,-2.17,1883743,44.8800,45.2900,43.4100
2023/09/26,44.8000,1.1900,-2.59,1851459,45.7000,45.8000,44.5800
2023/09/25,45.9900,0.4200,-0.90,1112039,45.9100,46.5550,45.7600
2023/09/22,46.4100,0.2100,-0.45,1172344,46.9700,47.3900,46.2150
2023/09/21,46.6200,1.7100,-3.54,1286350,47.5900,47.6700,45.8000
2023/09/20,48.3300,0.4700,+0.98,863431,48.2800,48.9400,48.1600
2023/09/19,47.8600,0.5000,-1.03,1153021,48.4400,48.7600,47.6000
2023/09/18,48.3600,0.1100,+0.23,992644,47.9600,48.7100,47.4500
2023/09/15,48.2500,0.0100,+0.02,1660531,48.1600,48.7400,47.5300
2023/09/14,48.2400,1.2300,+2.62,1079944,47.2600,48.3700,47.0400
2023/09/13,47.0100,0.8200,-1.71,1852610,47.6800,47.9800,45.5800
2023/09/12,47.8300,0.6900,-1.42,870234,48.1800,48.6700,47.6700
2023/09/11,48.5200,1.1400,-2.30,1413167,49.9800,50.1000,48.4700
2023/09/08,49.6600,0.1700,-0.34,764666,50.0000,50.1350,49.3500
2023/09/07,49.8300,2.5000,-4.78,1787621,50.9200,51.5650,49.7600
2023/09/06,52.3300,0.6400,-1.21,1180201,52.7900,53.0650,52.1500
2023/09/05,52.9700,0.9200,-1.71,1192943,53.1110,53.7200,52.5900
2023/09/01,53.8900,0.2400,-0.44,1288279,54.3500,54.4000,53.5800
2023/08/31,54.1300,1.5000,+2.85,1291687,53.5500,54.6600,53.4800
2023/08/30,52.6300,0.3400,-0.64,959600,53.1200,53.4650,52.2100
2023/08/29,52.9700,1.8900,+3.70,1323432,51.3200,53.5500,51.0800
2023/08/28,51.0800,0.5100,-0.99,1471267,51.3700,52.0000,50.7910
2023/08/25,51.5900,0.5300,-1.02,1243936,52.3000,52.4700,51.5000
2023/08/24,52.1200,1.0600,-1.99,2254498,53.9100,54.2800,51.7800
2023/08/23,53.1800,1.8700,+3.64,1642735,51.5400,53.6050,51.1000
2023/08/22,51.3100,2.6500,+5.45,2343698,49.5600,51.5000,48.7200
2023/08/21,48.6600,0.6800,+1.42,1217758,47.8200,48.9500,47.6400
2023/08/18,47.9800,1.7800,+3.85,2704102,45.5100,48.5844,45.5100
2023/08/17,46.2000,0.6100,-1.30,4108466,48.8500,49.0000,44.7501
2023/08/16,46.8100,4.5300,-8.82,6120419,48.4400,49.4400,45.0700
2023/08/15,51.3400,0.7600,+1.50,2071782,50.1500,51.9800,49.8900
2023/08/14,50.5800,1.0500,+2.12,1246668,49.2600,50.7600,49.0000
2023/08/11,49.5300,0.3800,-0.76,1402685,49.2500,49.7900,48.5700
2023/08/10,49.9100,0.4100,-0.81,1126941,50.5000,51.0800,49.8100
2023/08/09,50.3200,2.1400,-4.08,1379327,52.4000,52.5000,50.1300
2023/08/08,52.4600,0.1000,+0.19,1718950,51.9300,53.2285,51.6394
2023/08/07,52.3600,0.0400,-0.08,694522,52.3000,52.5750,52.0100
2023/08/04,52.4000,1.4400,+2.83,1316028,51.3200,52.8600,50.5700
2023/08/03,50.9600,0.4500,+0.89,1089967,50.2500,51.0900,49.9150
2023/08/02,50.5100,0.9300,-1.81,979791,50.5500,50.9620,50.3650
2023/08/01,51.4400,0.9200,-1.76,1630798,51.5500,51.7300,50.8250
2023/07/31,52.3600,0.0000,0,870306,52.2900,52.9700,51.7792
2023/07/28,52.3600,0.4000,-0.76,1095818,53.2700,53.7501,52.2700
2023/07/27,52.7600,0.0300,-0.06,1188847,53.4600,53.7100,52.3700
2023/07/26,52.7900,0.2100,-0.40,989685,53.3600,53.3600,52.3400
2023/07/25,53.0000,1.1100,+2.14,1657305,52.1600,53.5000,51.4200
2023/07/24,51.8900,0.0400,+0.08,798149,52.1700,52.5800,51.6600
2023/07/21,51.8500,0.6100,-1.16,879273,53.0800,53.0800,51.6600
2023/07/20,52.4600,0.5200,-0.98,1819331,51.9300,52.8300,50.7400
2023/07/19,52.9800,0.8800,+1.69,1430509,52.8500,53.7950,52.2000
2023/07/18,52.1000,0.2900,-0.55,2421274,51.0300,52.2000,50.0200
2023/07/17,52.3900,0.4700,+0.91,1371647,51.6400,52.9800,51.2700
2023/07/14,51.9200,3.6600,-6.59,3227598,54.9300,54.9300,51.1800
2023/07/13,55.5800,1.1000,+2.02,1247722,55.0600,55.6000,54.4800
2023/07/12,54.4800,0.3400,-0.62,1440966,55.2700,55.2700,53.0450
2023/07/11,54.8200,0.2700,+0.49,1634471,55.0500,55.1800,53.5500
2023/07/10,54.5500,0.1500,+0.28,1040676,53.8300,54.6350,53.8100
2023/07/07,54.4000,0.8000,+1.49,1605744,53.1700,55.9200,53.1700
2023/07/06,53.6000,1.0200,-1.87,1532498,53.7000,54.2500,52.9900
2023/07/05,54.6200,2.7800,-4.84,2063641,55.1400,55.5900,54.1450
2023/07/03,57.4000,0.6700,+1.18,601250,57.5100,58.0899,57.1000
2023/06/30,56.7300,0.1900,-0.33,1313440,57.6900,58.1250,56.7200
2023/06/29,56.9200,0.6100,+1.08,1175904,56.4000,57.1800,55.8700
2023/06/28,56.3100,1.6000,-2.76,1920259,56.7000,56.9600,55.1732
2023/06/27,57.9100,2.2000,+3.95,1575387,55.7600,58.3300,54.9520
2023/06/26,55.7100,0.4200,+0.76,1617522,55.3700,56.2900,54.6900
2023/06/23,55.2900,1.3400,-2.37,1939326,55.1800,56.0600,54.6400
2023/06/22,56.6300,0.8300,+1.49,1809103,55.6300,57.8500,55.2800
2023/06/21,55.8000,5.5700,-9.08,4449558,59.8000,60.1900,54.9400
2023/06/20,61.3700,3.5700,+6.18,7400699,60.0000,65.1600,59.9400
2023/06/16,57.8000,1.4000,+2.48,3545791,59.1100,59.7400,56.5800
2023/06/15,56.4000,0.0300,-0.05,2518981,55.8000,57.3800,54.7600
2023/06/14,56.4300,2.9400,+5.50,10266944,53.9500,57.9400,53.7500
2023/06/13,53.4900,0.2000,+0.38,2578260,54.0200,54.9500,52.5600
2023/06/12,53.2900,2.2300,+4.37,1616699,51.4600,53.8600,51.3000
2023/06/09,51.0600,0.0200,-0.04,784345,51.5200,51.8300,50.4200
2023/06/08,51.0800,0.2800,+0.55,1259498,51.0500,51.2200,49.6500
2023/06/07,50.8000,0.7100,+1.42,1212553,50.6000,52.1200,50.4810
2023/06/06,50.0900,1.3300,-2.59,2308373,50.0900,50.6500,49.1900
2023/06/05,51.4200,1.5800,-2.98,1303813,52.5900,52.9200,50.9700
2023/06/02,53.0000,0.7800,+1.49,1510769,52.6300,53.7400,52.2900
2023/06/01,52.2200,0.6800,-1.29,795453,52.9400,53.6100,52.2100
2023/05/31,52.9000,1.9600,-3.57,1801400,53.9400,54.6200,52.5684
2023/05/30,54.8600,1.2300,+2.29,3046590,55.1100,55.2900,52.3850
2023/05/26,53.6300,5.6400,+11.75,3607132,48.6000,53.8900,48.3650
2023/05/25,47.9900,2.4600,+5.40,1318265,46.2300,48.3750,45.6600
2023/05/24,45.5300,1.5300,-3.25,853491,46.6700,46.7600,45.3500
2023/05/23,47.0600,1.2100,-2.51,928726,48.3000,48.5000,46.9700
2023/05/22,48.2700,1.5800,+3.38,965706,46.3800,48.3600,46.2600
2023/05/19,46.6900,0.6800,-1.44,967347,47.6400,48.0400,46.6900
2023/05/18,47.3700,1.2700,+2.75,1109761,45.9800,47.3800,45.6200
2023/05/17,46.1000,1.7700,+3.99,931227,44.6600,46.1400,44.5400
2023/05/16,44.3300,0.7900,-1.75,1384172,44.5000,44.7650,44.1800
2023/05/15,45.1200,2.9000,+6.87,1706935,42.3000,45.5500,42.2500
2023/05/12,42.2200,1.0800,-2.49,1872369,43.3000,43.4500,42.0000
2023/05/11,43.3000,1.2600,-2.83,1887245,44.5100,44.5100,43.2600
2023/05/10,44.5600,1.4300,-3.11,2210242,45.2000,45.5650,43.5600
2023/05/09,45.9900,1.9000,-3.97,2388971,45.0000,47.9000,45.0000
2023/05/08,47.8900,0.1100,+0.23,1270643,47.9600,48.5400,47.6800
2023/05/05,47.7800,0.2800,+0.59,505103,48.0000,48.2300,47.5200
2023/05/04,47.5000,0.9600,-1.98,911856,48.1000,48.1700,46.9700
2023/05/03,48.4600,1.2700,+2.69,1108152,47.2700,49.2800,47.2300
2023/05/02,47.1900,1.1100,-2.30,777426,48.0000,48.0000,47.0900
2023/05/01,48.3000,0.0500,+0.10,638325,48.2500,48.4800,47.9000
2023/04/28,48.2500,0.1800,-0.37,683518,48.5700,48.8200,47.8700
2023/04/27,48.4300,0.5300,+1.11,558584,48.0000,48.5800,47.3850
2023/04/26,47.9000,0.3800,+0.80,1064318,47.5600,48.7200,47.5111
2023/04/25,47.5200,0.0800,-0.17,974084,47.4300,48.1800,47.0600
2023/04/24,47.6000,0.5500,+1.17,760463,46.8700,47.6700,46.2800
2023/04/21,47.0500,0.9500,+2.06,847259,46.1000,47.2600,45.9500
2023/04/20,46.1000,0.3700,-0.80,641225,46.1400,46.9000,45.9300
2023/04/19,46.4700,0.0200,-0.04,946076,45.7000,46.5500,45.5150
2023/04/18,46.4900,0.2700,+0.58,1431240,46.0300,46.6600,45.1000
2023/04/17,46.2200,0.9800,+2.17,1400872,46.8100,46.8800,45.5700
2023/04/14,45.2400,0.3900,-0.85,659623,45.4200,46.1197,44.9400
2023/04/13,45.6300,0.2500,+0.55,768939,45.7200,46.1100,45.0300
2023/04/12,45.3800,1.4600,-3.12,966221,47.1500,47.3500,45.1900
2023/04/11,46.8400,0.6300,-1.33,765208,47.5400,48.0600,46.7900
2023/04/10,47.4700,1.1400,+2.46,1324937,46.0800,48.1900,45.8600
2023/04/06,46.3300,4.9800,-9.71,4929069,45.9200,48.0600,45.3300
2023/04/05,51.3100,1.1400,-2.17,501640,51.9700,52.0300,51.1600
2023/04/04,52.4500,0.5000,-0.94,646376,52.9600,53.1500,52.0600
2023/04/03,52.9500,1.0600,-1.96,667580,53.8300,53.8300,52.5013
2023/03/31,54.0100,0.7400,+1.39,589344,53.5200,54.2250,53.5200
2023/03/30,53.2700,1.0300,+1.97,585552,53.0400,53.3100,52.7300
2023/03/29,52.2400,1.3500,+2.65,596828,51.2100,52.5382,51.1950
2023/03/28,50.8900,0.2000,-0.39,698446,50.7500,51.0300,50.0000
2023/03/27,51.0900,0.3000,-0.58,543303,51.8400,51.9900,50.7600
2023/03/24,51.3900,0.0800,-0.16,547742,51.4000,51.4200,50.3500
2023/03/23,51.4700,0.6100,+1.20,803498,51.3800,52.5200,50.7050
2023/03/22,50.8600,1.1200,-2.15,687021,52.0900,52.6100,50.8100
2023/03/21,51.9800,0.7300,+1.42,1102111,51.7300,52.2800,50.8100
2023/03/20,51.2500,1.2800,+2.56,798724,50.0700,51.4950,49.7600
2023/03/17,49.9700,0.6300,-1.25,1373572,50.5700,50.6500,49.5750
2023/03/16,50.6000,0.5200,+1.04,686327,49.4900,50.8600,48.9650
2023/03/15,50.0800,0.4600,-0.91,1269196,49.3900,50.3400,49.2600
2023/03/14,50.5400,0.2000,+0.40,1071367,51.4500,51.7500,49.8000
2023/03/13,50.3400,1.2000,-2.33,1396795,50.7300,51.9100,49.4600
2023/03/10,51.5400,0.9300,-1.77,1181265,52.6000,52.6300,51.1300
2023/03/09,52.4700,1.3800,-2.56,1274672,54.0300,54.9900,52.4500
2023/03/08,53.8500,1.6300,+3.12,1232383,52.0000,53.8800,52.0000
2023/03/07,52.2200,0.9100,-1.71,988556,53.3400,53.5100,51.3000
2023/03/06,53.1300,0.7800,-1.45,937351,54.1800,54.7000,52.9500
2023/03/03,53.9100,0.7300,+1.37,1134915,53.8900,54.2100,53.0201
2023/03/02,53.1800,0.3400,+0.64,1276197,52.3100,53.6350,51.6000
2023/03/01,52.8400,0.9700,-1.80,1126395,54.0600,54.2000,52.4900
2023/02/28,53.8100,1.3000,+2.48,2133807,52.0900,54.8200,51.8400
2023/02/27,52.5100,1.3200,-2.45,1751445,54.5300,54.5600,52.3600
2023/02/24,53.8300,4.0700,-7.03,3638298,56.8700,56.8700,52.0300
2023/02/23,57.9000,0.9500,+1.67,1257342,57.7200,58.3600,56.8150
2023/02/22,56.9500,0.0100,-0.02,878375,57.0500,57.6650,56.6900
2023/02/21,56.9600,1.2000,-2.06,1198621,57.4200,58.1000,56.7500
2023/02/17,58.1600,0.2500,-0.43,673778,58.3600,58.9300,57.4200
2023/02/16,58.4100,1.5200,-2.54,664219,58.9700,59.2800,58.2900
2023/02/15,59.9300,0.6100,+1.03,534558,58.9200,59.9400,58.6400
2023/02/14,59.3200,0.2200,+0.37,828438,58.6700,59.7800,57.8400
2023/02/13,59.1000,0.3000,-0.51,981169,59.6400,59.6800,58.3901
2023/02/10,59.4000,0.9000,-1.49,1083525,58.1400,59.9600,57.0700
2023/02/09,60.3000,0.8700,-1.42,1722037,59.7000,62.3700,57.5000
2023/02/08,61.1700,0.2700,-0.44,1347309,61.3100,62.0950,60.5400
2023/02/07,61.4400,0.5200,+0.85,868514,60.4000,61.6000,59.6900
2023/02/06,60.9200,1.0200,-1.65,686574,61.2400,61.8500,60.3750
2023/02/03,61.9400,0.4200,-0.67,705337,61.5300,62.3364,60.9600
2023/02/02,62.3600,1.5600,+2.57,1183845,61.4300,63.4400,61.2800
2023/02/01,60.8000,0.6200,+1.03,701332,59.9900,60.9750,59.4200
2023/01/31,60.1800,0.8200,+1.38,669279,59.0200,60.2700,59.0200
2023/01/30,59.3600,0.9400,-1.56,591468,59.8600,59.9900,58.8600
2023/01/27,60.3000,0.4300,+0.72,511118,59.8000,60.6700,59.3300
2023/01/26,59.8700,0.5700,+0.96,672189,60.0500,60.4450,59.0500
2023/01/25,59.3000,0.4000,+0.68,847873,59.0500,59.3200,57.7150
2023/01/24,58.9000,1.4000,-2.32,638432,59.9100,60.5700,58.7500
2023/01/23,60.3000,1.4600,+2.48,611402,59.3400,61.0000,59.1900
2023/01/20,58.8400,0.1600,+0.27,788433,58.6800,59.5800,57.9500
2023/01/19,58.6800,0.2100,+0.36,465992,58.4700,58.7800,57.8201
2023/01/18,58.4700,0.2600,+0.45,866278,58.3200,59.5100,58.0100
2023/01/17,58.2100,0.6300,+1.09,536843,57.5700,58.4650,57.4750
2023/01/13,57.5800,0.3300,+0.58,475737,56.3500,57.6117,56.3000
2023/01/12,57.2500,0.6400,+1.13,674475,56.9700,57.5300,56.3300
2023/01/11,56.6100,0.1000,+0.18,637160,56.8200,57.1000,56.1800
2023/01/10,56.5100,0.0000,0,528745,56.2900,56.7299,55.4100
2023/01/09,56.5100,1.3500,+2.45,1169806,55.9800,57.5300,55.8800
2023/01/06,55.1600,1.9500,+3.66,698411,53.4500,55.2700,53.2000
2023/01/05,53.2100,0.0900,+0.17,451895,52.9800,53.4500,52.1800
2023/01/04,53.1200,0.3800,+0.72,693631,53.2300,53.8800,52.4500
2023/01/03,52.7400,0.5700,+1.09,797122,52.2700,52.9750,52.2000
2022/12/30,52.1700,0.7800,+1.52,1030597,50.9300,52.4500,50.6600
2022/12/29,51.3900,1.9800,+4.01,697995,49.7400,51.4700,49.5750
2022/12/28,49.4100,1.3800,-2.72,547049,50.7300,51.2700,49.3500
2022/12/27,50.7900,0.2300,+0.45,552792,50.8300,50.8850,49.6043
2022/12/23,50.5600,0.0400,-0.08,800304,50.6700,50.9950,49.7050
2022/12/22,50.6000,0.2500,+0.50,1363801,49.7800,50.6300,48.7300
2022/12/21,50.3500,0.1000,-0.20,807234,50.6600,51.0850,50.2000
2022/12/20,50.4500,0.3500,-0.69,1092560,49.5700,51.4500,49.5000
2022/12/19,50.8000,1.2900,-2.48,829338,52.0200,52.2100,50.5700
2022/12/16,52.0900,0.5700,-1.08,1813445,51.9800,52.9600,51.8000
2022/12/15,52.6600,1.8000,-3.31,1096164,53.9900,54.0200,52.4101
2022/12/14,54.4600,0.9300,-1.68,713809,55.0700,55.8500,54.2700
2022/12/13,55.3900,0.9400,+1.73,1208815,56.0600,56.8150,55.0750
2022/12/12,54.4500,0.0400,+0.07,858756,54.3400,54.5999,53.2501
2022/12/09,54.4100,1.3000,-2.33,813852,55.3600,55.3600,54.2750
2022/12/08,55.7100,4.0100,+7.76,1767304,55.1300,56.7600,54.6000
2022/12/07,51.7000,1.0200,-1.93,1411539,52.5500,53.0000,51.6800
2022/12/06,52.7200,1.7300,-3.18,939003,54.1900,54.4200,52.1000
2022/12/05,54.4500,0.5500,-1.00,826910,54.7200,55.3300,54.2000
2022/12/02,55.0000,0.6500,+1.20,811000,54.4800,55.0400,53.5400
2022/12/01,54.3500,0.5900,-1.07,752972,55.0000,55.4999,54.2500
2022/11/30,54.9400,1.4100,+2.63,1870024,53.3900,55.1000,52.1200
2022/11/29,53.5300,0.8600,-1.58,1102449,54.3000,54.5300,53.2900
2022/11/28,54.3900,1.4400,-2.58,887063,55.3300,55.5100,54.2150
2022/11/25,55.8300,0.5100,+0.92,464805,55.3200,56.4700,55.2353
2022/11/23,55.3200,0.3200,+0.58,1420703,55.0500,55.5700,54.8400
2022/11/22,55.0000,0.1600,+0.29,643218,54.9600,55.2500,54.5100
2022/11/21,54.8400,1.3600,-2.42,1074663,55.4300,56.0000,54.5950
2022/11/18,56.2000,0.7300,+1.32,875613,55.9000,56.4500,55.5300
2022/11/17,55.4700,0.3700,-0.66,754384,55.3400,56.2400,55.0200
2022/11/16,55.8400,1.8700,-3.24,1459370,56.7300,57.7000,54.4000
2022/11/15,57.7100,1.1200,+1.98,1362780,57.1300,58.6000,57.0600
2022/11/14,56.5900,1.1400,-1.97,1270217,57.8000,58.3600,56.5000
2022/11/11,57.7300,1.1800,+2.09,2000601,55.3100,58.1400,55.3100
2022/11/10,56.5500,1.3000,+2.35,2704770,56.5900,58.2900,55.4000
2022/11/09,55.2500,3.7500,-6.36,3051109,58.0100,59.7700,55.1800
2022/11/08,59.0000,11.3800,-16.17,5948866,61.0000,61.9300,58.7300
2022/11/07,70.3800,1.1800,-1.65,1794480,72.4000,72.4350,69.9400
2022/11/04,71.5600,0.9000,-1.24,1227272,73.0300,73.6300,70.7850
2022/11/03,72.4600,0.7600,-1.04,683902,72.7000,73.2150,71.5100
2022/11/02,73.2200,2.2000,-2.92,746553,75.5000,75.5600,73.0100
2022/11/01,75.4200,0.9700,+1.30,665813,75.3100,75.4700,74.1800
2022/10/31,74.4500,0.4000,-0.53,575769,74.8800,74.9450,73.6372
2022/10/28,74.8500,1.9700,+2.70,609655,73.3900,75.0600,72.8100
2022/10/27,72.8800,0.3900,-0.53,1159778,73.8900,74.4800,72.8400
2022/10/26,73.2700,0.6500,-0.88,616096,73.1400,74.3550,72.8000
2022/10/25,73.9200,1.5100,+2.09,703964,71.9500,75.0300,71.9500
2022/10/24,72.4100,0.5100,+0.71,491541,71.6400,72.6900,70.7050
2022/10/21,71.9000,1.5700,+2.23,587630,70.8700,72.2993,69.7800
2022/10/20,70.3300,0.1600,-0.23,703881,70.3800,72.3700,69.9000
2022/10/19,70.4900,0.5300,-0.75,385188,70.6900,71.1700,69.7900
2022/10/18,71.0200,1.2700,+1.82,768284,71.3800,71.9000,70.1850
2022/10/17,69.7500,4.0500,+6.16,875818,67.3400,70.0600,67.1500
2022/10/14,65.7000,3.4600,-5.00,1165829,68.8600,69.3300,65.6600
2022/10/13,69.1600,0.3200,-0.46,750826,68.4000,70.2000,67.0900
2022/10/12,69.4800,1.9000,-2.66,938476,71.8900,71.8900,68.2000
2022/10/11,71.3800,0.7300,-1.01,1011692,71.6800,72.3700,70.3900
2022/10/10,72.1100,0.5900,-0.81,653151,72.9200,72.9200,71.2900
2022/10/07,72.7000,1.2700,-1.72,474782,73.0400,73.2000,71.7500
2022/10/06,73.9700,0.3100,-0.42,625135,74.2300,74.9800,73.3300
2022/10/05,74.2800,0.2500,+0.34,558868,73.0200,74.7300,72.8000
2022/10/04,74.0300,3.0900,+4.36,860136,72.3000,74.1000,72.3000
2022/10/03,70.9400,2.3700,+3.46,590682,69.5500,71.5400,69.1900
2022/09/30,68.5700,0.9200,-1.32,1138353,69.6500,70.8400,68.4600
2022/09/29,69.4900,1.3400,-1.89,576434,69.9400,70.0890,68.5600
2022/09/28,70.8300,0.8100,+1.16,911957,70.3200,71.3800,69.3200
2022/09/27,70.0200,1.3600,+1.98,734227,69.8300,70.5100,69.1500
2022/09/26,68.6600,1.7400,-2.47,1081766,69.8600,70.5900,68.0020
2022/09/23,70.4000,0.8700,-1.22,717611,69.9200,70.7250,69.1700
2022/09/22,71.2700,1.3200,-1.82,645261,72.4400,72.4750,70.6600
2022/09/21,72.5900,0.1700,-0.23,736835,72.9700,74.6800,72.5700
2022/09/20,72.7600,1.4600,-1.97,780119,73.3700,74.1100,72.6300
2022/09/19,74.2200,0.7700,-1.03,749206,74.5000,75.0750,73.5700
2022/09/16,74.9900,0.9300,-1.22,1338530,75.6100,75.8600,74.5900
2022/09/15,75.9200,2.9300,-3.72,1475983,78.3400,78.7700,75.7300
2022/09/14,78.8500,0.5900,-0.74,514356,79.7100,80.1400,78.1100
2022/09/13,79.4400,2.6300,-3.20,629277,80.1300,80.6700,79.2300
2022/09/12,82.0700,0.8500,+1.05,500200,82.1000,82.7800,81.1500
2022/09/09,81.2200,0.6200,+0.77,461163,81.6800,82.2650,81.1100
2022/09/08,80.6000,1.5100,+1.91,578350,78.3500,80.6300,78.0500
2022/09/07,79.0900,0.6500,+0.83,725883,79.0600,79.6900,77.8000
2022/09/06,78.4400,1.1500,-1.44,1065353,80.7500,80.7500,78.1300
2022/09/02,79.5900,0.5800,-0.72,711504,80.5000,81.4500,79.2500
2022/09/01,80.1700,3.3800,-4.05,829754,82.2300,83.0700,79.4250
2022/08/31,83.5500,1.2700,-1.50,697864,84.8200,84.9000,83.4000
2022/08/30,84.8200,0.9100,-1.06,701839,86.4900,86.4900,84.1200
2022/08/29,85.7300,1.0000,-1.15,578637,86.4100,86.9500,85.4100
2022/08/26,86.7300,2.6700,-2.99,744327,88.6500,89.3600,86.3400
2022/08/25,89.4000,1.7000,-1.87,956012,92.0000,92.5200,89.2800
2022/08/24,91.1000,0.6500,-0.71,632483,91.5000,92.0650,89.8600
2022/08/23,91.7500,0.1800,+0.20,658274,92.0000,94.2200,90.9200
2022/08/22,91.5700,0.8500,-0.92,794559,91.4700,92.4800,90.7300
2022/08/19,92.4200,0.2900,-0.31,678106,91.8600,92.7100,91.4350
2022/08/18,92.7100,3.4000,+3.81,1519179,89.2200,93.4400,89.2000
2022/08/17,89.3100,0.2900,-0.32,1335437,89.0000,91.0300,87.7700
2022/08/16,89.6000,6.5900,-6.85,2834345,91.0000,93.0000,88.7500
2022/08/15,96.1900,1.9200,+2.04,1281847,94.0000,96.4600,93.2300
2022/08/12,94.2700,1.7700,+1.91,602694,93.4000,94.4990,92.7300
2022/08/11,92.5000,0.3300,+0.36,540426,93.2200,94.6100,91.9700
2022/08/10,92.1700,2.9800,+3.34,496081,90.6100,92.2500,89.2700
2022/08/09,89.1900,3.0000,-3.25,786907,91.5100,91.9000,88.8520
2022/08/08,92.1900,1.2000,+1.32,497806,91.8600,93.6950,91.2700
2022/08/05,90.9900,0.0900,-0.10,484321,90.5700,91.1500,89.8300
2022/08/04,91.0800,2.3500,-2.52,1030591,92.6500,93.3700,90.8500
2022/08/03,93.4300,2.6900,+2.96,720855,91.0000,93.5000,90.8800
2022/08/02,90.7400,0.0800,+0.09,395721,89.9600,91.4500,89.7500
2022/08/01,90.6600,0.2000,+0.22,532752,89.8800,91.9900,89.4100
2022/07/29,90.4600,2.3100,+2.62,1025105,87.4800,91.0000,86.5800
2022/07/28,88.1500,1.0900,+1.25,330563,87.4400,88.3500,86.4500
2022/07/27,87.0600,1.6400,+1.92,536432,85.8800,87.8500,85.3300
2022/07/26,85.4200,0.9600,+1.14,458680,83.7500,85.7400,83.1600
2022/07/25,84.4600,0.5600,-0.66,276205,84.9600,85.0000,83.3300
2022/07/22,85.0200,1.4000,-1.62,363814,86.0500,86.3200,84.2800
2022/07/21,86.4200,0.9400,+1.10,399144,85.6400,86.5300,84.6300
2022/07/20,85.4800,1.8900,+2.26,515565,83.7700,85.6800,83.1850
2022/07/19,83.5900,2.5900,+3.20,615793,81.9400,84.4600,81.6500
2022/07/18,81.0000,0.9600,-1.17,526228,82.4000,82.6800,80.7300
2022/07/15,81.9600,2.8800,+3.64,527296,79.5000,81.9800,79.2800
2022/07/14,79.0800,1.0200,+1.31,661756,77.4200,79.3200,76.5000
2022/07/13,78.0600,0.4400,+0.57,276116,76.0000,78.4800,76.0000
2022/07/12,77.6200,0.8900,-1.13,545575,78.4600,78.8289,76.9000
2022/07/11,78.5100,1.6300,-2.03,514821,79.8900,79.8900,78.2000
2022/07/08,80.1400,2.0400,+2.61,639598,77.4000,80.5050,77.1700
2022/07/07,78.1000,1.1700,+1.52,677333,77.7900,79.3400,77.7900
2022/07/06,76.9300,0.3400,+0.44,469337,76.0000,77.5270,76.0000
2022/07/05,76.5900,1.2300,-1.58,785762,76.4600,77.2500,75.1300
2022/07/01,77.8200,1.6000,-2.01,766641,79.3100,79.9700,76.7000
2022/06/30,79.4200,1.1900,-1.48,899528,78.9200,81.3300,78.9200
2022/06/29,80.6100,0.2000,+0.25,1336727,80.2000,81.0800,79.7100
2022/06/28,80.4100,1.8700,-2.27,541987,82.7200,83.5900,80.3500
2022/06/27,82.2800,0.1000,+0.12,900778,82.9000,84.5200,81.8750
2022/06/24,82.1800,3.9800,+5.09,1128080,78.3800,82.3800,78.3800
2022/06/23,78.2000,0.1100,+0.14,720306,77.9700,78.5600,77.3500
2022/06/22,78.0900,0.5800,-0.74,962772,77.6300,79.9800,77.5300
2022/06/21,78.6700,2.0000,+2.61,707671,76.0000,79.5000,76.0000
2022/06/17,76.6700,1.4600,+1.94,1782359,75.6600,77.5000,75.5600
2022/06/16,75.2100,5.1100,-6.36,1306930,78.2500,78.9800,73.9700
2022/06/15,80.3200,1.0300,+1.30,967049,80.1200,81.4500,78.8640
2022/06/14,79.2900,0.0500,-0.06,708729,79.7700,80.8889,78.8400
2022/06/13,79.3400,3.5800,-4.32,700430,80.4300,81.8300,79.0100
2022/06/10,82.9200,1.6400,-1.94,550971,83.2800,83.8900,82.4800
2022/06/09,84.5600,2.8200,-3.23,970245,87.3400,88.2600,84.4900
2022/06/08,87.3800,0.8800,-1.00,606079,88.2900,88.6400,86.4150
2022/06/07,88.2600,2.3600,+2.75,594014,85.5400,88.4400,85.1200
2022/06/06,85.9000,1.9000,+2.26,720955,84.2800,86.4900,84.1300
2022/06/03,84.0000,4.0300,-4.58,704611,86.6000,86.6000,83.6800
2022/06/02,88.0300,1.2300,+1.42,954471,86.1100,88.5700,84.8525
2022/06/01,86.8000,0.7200,+0.84,925265,86.5500,88.2600,84.9900
2022/05/31,86.0800,1.9100,-2.17,786396,88.0800,88.0800,85.2800
2022/05/27,87.9900,2.2100,+2.58,552116,86.3300,87.9900,85.8300
2022/05/26,85.7800,1.1700,+1.38,831438,84.5200,87.0050,83.6754
2022/05/25,84.6100,0.9600,+1.15,671686,83.2000,86.0200,83.0201
2022/05/24,83.6500,3.4300,-3.94,873449,86.6700,86.6700,82.4700
2022/05/23,87.0800,0.0000,0,645322,86.7500,88.1700,85.8600
2022/05/20,87.0800,0.3300,+0.38,748390,88.3000,88.4300,84.7949
2022/05/19,86.7500,1.2000,-1.36,1287548,86.6600,88.3800,85.0360
2022/05/18,87.9500,2.5800,-2.85,1198017,89.5300,92.3600,86.7500
2022/05/17,90.5300,3.3500,+3.84,729329,88.7900,90.8500,88.5100
2022/05/16,87.1800,2.9000,-3.22,592455,89.6400,90.0400,87.0300
2022/05/13,90.0800,2.8700,+3.29,711456,87.9500,90.5500,87.6200
2022/05/12,87.2100,2.0100,-2.25,1122361,88.5900,89.8600,84.8200
2022/05/11,89.2200,0.1100,-0.12,2436922,88.4700,91.8600,88.2472
2022/05/10,89.3300,2.3100,+2.65,1645389,87.3600,90.2300,85.5100
2022/05/09,87.0200,1.9900,-2.24,1705897,87.2200,90.1500,86.4500
2022/05/06,89.0100,0.1900,+0.21,1690694,87.8000,90.6100,86.6448
2022/05/05,88.8200,0.6800,-0.76,1544962,88.9900,90.4500,87.6950
2022/05/04,89.5000,7.3600,+8.96,3434049,90.8800,90.9299,85.0100
2022/05/03,82.1400,0.9400,-1.13,1378551,82.9600,84.0000,81.1600
2022/05/02,83.0800,1.8700,+2.30,1482762,80.8600,83.5800,80.8600
2022/04/29,81.2100,2.0500,-2.46,627006,82.7900,84.3500,81.1300
2022/04/28,83.2600,2.4100,+2.98,758874,81.7900,83.6200,80.5682
2022/04/27,80.8500,2.0000,-2.41,840016,83.0000,83.8100,80.7000
2022/04/26,82.8500,3.2600,-3.79,873809,85.2100,85.6883,82.8000
2022/04/25,86.1100,1.6500,+1.95,669972,83.7600,86.4000,83.7300
2022/04/22,84.4600,1.1400,-1.33,543864,85.7300,86.5100,83.9700
2022/04/21,85.6000,2.3500,-2.67,689217,89.2800,89.2800,85.0800
2022/04/20,87.9500,1.0000,+1.15,672058,88.2000,88.5100,86.9800
2022/04/19,86.9500,1.4500,+1.70,777000,85.2500,87.8700,85.2500
2022/04/18,85.5000,0.1500,-0.18,574500,85.0700,86.2700,84.8500
2022/04/14,85.6500,4.3500,-4.83,953277,89.5200,89.8000,85.6000
2022/04/13,90.0000,3.4000,+3.93,974896,86.9300,90.1800,86.6894
2022/04/12,86.6000,0.3700,-0.43,624285,87.8900,89.5700,86.5200
2022/04/11,86.9700,1.7500,-1.97,650594,87.5700,89.7500,86.6300
2022/04/08,88.7200,1.5200,-1.68,598629,90.2800,90.4300,88.3200
2022/04/07,90.2400,0.5400,-0.59,523508,90.5100,91.4500,89.0450
2022/04/06,90.7800,2.2900,-2.46,612930,91.9800,92.8300,90.6550
2022/04/05,93.0700,2.3900,-2.50,670976,95.2800,95.4100,91.4950
2022/04/04,95.4600,0.0400,-0.04,684804,95.5700,96.5950,94.6600
2022/04/01,95.5000,2.1000,-2.15,654414,97.7200,98.3200,95.2200
2022/03/31,97.6000,0.2000,-0.20,891555,97.9400,99.1700,97.4500
2022/03/30,97.8000,1.9300,-1.94,319833,98.7200,99.8500,97.4600
2022/03/29,99.7300,2.3400,+2.40,499781,98.6300,100.2190,98.0660
2022/03/28,97.3900,1.4400,-1.46,735219,98.1700,98.3550,96.0800
2022/03/25,98.8300,0.9800,+1.00,637966,97.2600,99.1125,97.2600
2022/03/24,97.8500,4.7400,+5.09,828762,95.3800,98.1700,94.3400
2022/03/23,93.1100,1.0400,-1.10,526760,93.1400,94.8000,92.6900
2022/03/22,94.1500,1.2800,+1.38,559246,93.1700,95.9800,93.1000
2022/03/21,92.8700,2.1300,-2.24,481833,94.8500,95.8500,92.2100
2022/03/18,95.0000,2.7300,+2.96,1245575,91.1700,95.4000,91.1200
2022/03/17,92.2700,0.7800,+0.85,665396,90.6700,93.4300,90.6700
2022/03/16,91.4900,2.9500,+3.33,975130,89.7600,91.5300,88.6450
2022/03/15,88.5400,3.5300,+4.15,1313521,86.9700,89.0000,86.1100
2022/03/14,85.0100,6.4300,-7.03,1346699,90.0000,91.4600,84.9400
2022/03/11,91.4400,2.0200,-2.16,611107,94.1000,94.4500,91.2090
2022/03/10,93.4600,1.2000,-1.27,654191,93.5300,94.7200,92.3500
2022/03/09,94.6600,4.0700,+4.49,882009,93.8500,95.6200,93.0200
2022/03/08,90.5900,2.4000,-2.58,1367479,93.1100,94.8300,90.0700
2022/03/07,92.9900,0.3400,-0.36,1632009,93.9500,94.6320,91.5000
2022/03/04,93.3300,5.5600,-5.62,5428138,97.6200,98.4400,90.9400
2022/03/03,98.8900,2.3900,-2.36,2522101,101.7300,105.0500,98.3800
2022/03/02,101.2800,4.0900,+4.21,620433,97.8800,101.3910,97.6000
2022/03/01,97.1900,1.6700,-1.69,937410,98.4300,99.5250,96.3113
2022/02/28,98.8600,2.5500,-2.51,837274,99.8700,101.4800,97.1850
2022/02/25,101.4100,2.4800,+2.51,1450173,98.4400,101.7200,96.7400
2022/02/24,98.9300,3.5100,+3.68,807886,93.0200,99.0100,92.7500
2022/02/23,95.4200,1.8400,-1.89,545270,97.7800,98.5600,95.0600
2022/02/22,97.2600,1.8200,-1.84,868364,98.5300,100.9400,96.9000
2022/02/18,99.0800,2.0500,-2.03,694600,99.9600,100.2900,98.3650
2022/02/17,101.1300,0.4500,-0.44,1104527,100.2400,102.2687,99.8233
2022/02/16,101.5800,4.4300,+4.56,976601,96.4100,101.6100,95.2400
2022/02/15,97.1500,3.7900,+4.06,1144745,94.3500,97.4900,94.3400
2022/02/14,93.3600,0.9500,-1.01,880412,94.4700,96.1450,93.1300
2022/02/11,94.3100,2.5700,-2.65,896969,96.9300,98.4400,94.3100
2022/02/10,96.8800,0.9400,-0.96,783445,96.6000,99.9200,95.0000
2022/02/09,97.8200,2.4500,+2.57,1023769,96.2800,98.5000,95.8500
2022/02/08,95.3700,2.6000,+2.80,1193157,92.3500,96.2000,92.3500
2022/02/07,92.7700,2.3700,+2.62,1179469,90.3900,93.6800,90.3900
2022/02/04,90.4000,4.0300,+4.67,1258752,86.7100,91.3300,86.5900
2022/02/03,86.3700,14.5800,-14.44,5484135,90.5000,93.7800,85.1799
2022/02/02,100.9500,0.5700,+0.57,1126609,100.3800,101.2700,97.8600
2022/02/01,100.3800,1.1000,-1.08,868457,100.7600,101.2000,99.5100
2022/01/31,101.4800,4.1100,+4.22,755872,97.6300,101.5000,97.0050
2022/01/28,97.3700,0.1200,+0.12,693935,97.2000,97.4100,94.7900
2022/01/27,97.2500,0.5800,-0.59,1249413,99.4900,100.2300,96.3500
2022/01/26,97.8300,2.3500,+2.46,883821,99.0200,99.8650,96.6900
2022/01/25,95.4800,3.0400,-3.09,872812,97.0600,97.0600,94.0000
2022/01/24,98.5200,1.0300,+1.06,779944,95.8600,98.7200,94.0950
2022/01/21,97.4900,1.4900,-1.51,564281,98.5000,99.9200,97.3500
2022/01/20,98.9800,0.4600,-0.46,736368,100.6200,101.7650,98.8900
2022/01/19,99.4400,4.5800,-4.40,1245494,104.0200,104.0200,99.3500
2022/01/18,104.0200,2.3400,-2.20,1392802,106.1100,106.1100,102.8000
2022/01/14,106.3600,1.0400,+0.99,773897,104.9600,106.6550,104.0000
2022/01/13,105.3200,2.1100,-1.96,679311,108.1000,108.8400,104.8500
2022/01/12,107.4300,0.1800,-0.17,615543,107.3600,108.4400,105.3000
2022/01/11,107.6100,1.5200,+1.43,1271453,105.9300,108.5800,105.1000
2022/01/10,106.0900,0.7900,+0.75,730773,104.2700,106.2500,102.7800
2022/01/07,105.3000,0.5800,+0.55,876421,105.1300,105.9600,103.1400
2022/01/06,104.7200,0.3000,-0.29,449586,103.1350,105.8500,103.1350
2022/01/05,105.0200,2.0300,-1.90,664657,106.3200,107.9600,104.9500
2022/01/04,107.0500,0.0800,-0.07,806286,107.3400,108.9000,106.0125
2022/01/03,107.1300,1.3600,+1.29,493522,106.0900,107.1300,105.0200
2021/12/31,105.7700,0.5800,-0.55,292056,106.8700,107.1000,105.4600
2021/12/30,106.3500,0.5400,-0.51,294062,106.8700,107.9000,106.2200
2021/12/29,106.8900,0.7000,+0.66,254165,106.2500,107.4700,106.2500
2021/12/28,106.1900,0.8000,-0.75,465225,106.6500,106.8700,104.8200
2021/12/27,106.9900,2.5000,+2.39,633294,104.3000,107.1950,104.3000
2021/12/23,104.4900,0.0100,-0.01,459270,104.7700,105.8300,103.8100
2021/12/22,104.5000,0.7000,+0.67,366451,103.9100,104.6900,102.5400
2021/12/21,103.8000,0.1000,+0.10,517485,103.8800,104.7800,102.6100
2021/12/20,103.7000,0.4900,-0.47,622511,103.3100,104.8150,101.9200
2021/12/17,104.1900,1.4300,+1.39,2167413,102.0000,105.2800,101.4200
2021/12/16,102.7600,1.5400,-1.48,1046643,103.9200,105.4200,101.9400
2021/12/15,104.3000,1.7100,+1.67,1479028,102.1500,104.5750,101.9000
2021/12/14,102.5900,3.1300,+3.15,1678003,98.9600,103.4500,98.7500
2021/12/13,99.4600,1.1400,-1.13,1558257,100.4700,102.1700,99.0800
2021/12/10,100.6000,3.6300,+3.74,1465943,96.8600,100.9700,96.7500
2021/12/09,96.9700,3.5600,+3.81,1696416,94.0800,98.2400,93.8263
2021/12/08,93.4100,2.8300,+3.12,1005060,90.2200,93.8400,89.3200
2021/12/07,90.5800,3.5000,+4.02,1112907,88.4200,91.3400,88.0950
2021/12/06,87.0800,1.1800,+1.37,670196,87.0000,88.7600,86.4900
2021/12/03,85.9000,0.5800,+0.68,605081,85.7300,86.8100,85.0000
2021/12/02,85.3200,0.1900,-0.22,897616,85.3500,86.5500,84.1869
2021/12/01,85.5100,1.2600,-1.45,861178,88.2500,89.8050,85.4300
2021/11/30,86.7700,0.5200,-0.60,726988,86.5000,87.2400,84.6700
2021/11/29,87.2900,0.4700,+0.54,888432,87.6800,87.9900,85.8650
2021/11/26,86.8200,2.3900,-2.68,350684,88.0000,88.3350,86.5000
2021/11/24,89.2100,1.1500,-1.27,658689,89.3500,89.6000,87.5300
2021/11/23,90.3600,0.3800,+0.42,898920,89.6400,90.4400,87.4573
2021/11/22,89.9800,1.2100,-1.33,696541,91.2200,93.3200,89.9000
2021/11/19,91.1900,1.1200,+1.24,609564,90.2300,91.2500,89.6000
2021/11/18,90.0700,1.4000,-1.53,631206,90.9200,91.5100,89.3700
2021/11/17,91.4700,1.5300,+1.70,750924,89.5900,91.7000,88.6500
2021/11/16,89.9400,0.1200,-0.13,784483,88.4756,90.4600,88.0380
2021/11/15,90.0600,1.7400,-1.90,620550,92.1900,92.1900,89.3000
2021/11/12,91.8000,0.6400,+0.70,380377,91.1200,92.4800,90.9100
2021/11/11,91.1600,0.1700,-0.19,498983,91.5000,92.6400,91.1000
2021/11/10,91.3300,0.9300,-1.01,694602,90.6800,93.0000,90.5800
2021/11/09,92.2600,1.1000,+1.21,885235,91.2500,92.7700,90.3600
2021/11/08,91.1600,2.1800,-2.34,1187950,93.2800,93.9400,90.6100
2021/11/05,93.3400,5.0000,+5.66,1469017,89.6000,93.4300,89.3000
2021/11/04,88.3400,1.5300,+1.76,1505457,85.7500,89.4200,85.5000
2021/11/03,86.8100,0.0300,+0.03,898137,86.7900,87.0500,85.3000
2021/11/02,86.7800,2.2900,+2.71,610316,84.6200,87.3500,84.4000
2021/11/01,84.4900,1.9100,+2.31,523589,82.3900,85.0800,82.0000
2021/10/29,82.5800,0.4800,+0.58,451790,81.5300,83.5200,81.5000
2021/10/28,82.1000,1.4000,+1.73,422389,80.9500,83.2200,80.9500
2021/10/27,80.7000,0.0800,-0.10,628367,80.8300,81.8700,80.6000
2021/10/26,80.7800,0.5600,-0.69,675706,81.6900,82.2200,80.6700
2021/10/25,81.3400,2.7100,-3.22,747633,83.9900,84.3000,81.1800
2021/10/22,84.0500,0.8300,-0.98,211639,84.7500,85.7000,83.8000
2021/10/21,84.8800,0.4900,-0.57,304588,85.8700,85.8700,84.5600
2021/10/20,85.3700,0.1500,+0.18,557163,85.4500,85.7400,84.7700
2021/10/19,85.2200,0.5700,+0.67,1466759,84.9600,86.3900,84.7833
2021/10/18,84.6500,0.5400,-0.63,472103,85.0300,85.5800,84.0000
2021/10/15,85.1900,1.2000,-1.39,354612,87.1700,87.1700,85.1300
2021/10/14,86.3900,1.2400,+1.46,337163,86.0000,86.8600,85.7500
2021/10/13,85.1500,0.5300,+0.63,337179,84.8900,85.3500,84.0400
2021/10/12,84.6200,0.9200,-1.08,469042,83.7100,84.9400,83.5900
2021/10/11,85.5400,1.3800,+1.64,482255,84.1000,86.3800,83.8900
2021/10/08,84.1600,0.6700,-0.79,230197,85.1400,85.5800,84.0900
2021/10/07,84.8300,2.9800,+3.64,881337,82.8100,86.1500,82.6500
2021/10/06,81.8500,0.1300,-0.16,449791,81.5100,82.3500,80.7700
2021/10/05,81.9800,0.2800,-0.34,425147,82.9700,83.6500,81.9400
2021/10/04,82.2600,3.1100,-3.64,564227,85.1800,85.4800,81.9000
2021/10/01,85.3700,1.8300,+2.19,489965,83.9000,86.0000,82.6710
2021/09/30,83.5400,0.4400,-0.52,563880,84.5200,85.5600,83.5400
2021/09/29,83.9800,0.5100,-0.60,389110,84.5000,85.9200,83.6000
2021/09/28,84.4900,1.5000,-1.74,518182,85.6000,85.6300,83.6600
2021/09/27,85.9900,0.5900,-0.68,394897,86.6100,86.9764,85.5400
2021/09/24,86.5800,1.1000,+1.29,411659,85.4200,87.0400,85.3050
2021/09/23,85.4800,1.1100,+1.32,516879,84.5900,86.3400,84.4800
2021/09/22,84.3700,0.1500,+0.18,354591,84.9100,85.4750,84.2600
2021/09/21,84.2200,0.5700,-0.67,631037,85.2500,85.7100,83.5000
2021/09/20,84.7900,0.5900,-0.69,781660,84.1900,84.9500,83.5900
2021/09/17,85.3800,1.0900,-1.26,1365861,86.5100,86.5100,84.5900
2021/09/16,86.4700,0.0300,-0.03,453981,86.5000,86.8200,85.4000
2021/09/15,86.5000,0.5900,+0.69,615774,86.5000,87.1500,85.7300
2021/09/14,85.9100,1.6600,-1.90,413472,87.7000,87.7999,85.2300
2021/09/13,87.5700,1.7500,+2.04,562774,86.1600,88.0400,85.0401
2021/09/10,85.8200,2.9000,-3.27,684590,88.3900,88.5100,85.7501
2021/09/09,88.7200,0.5500,+0.62,547382,88.1300,89.6500,87.7000
2021/09/08,88.1700,0.1800,+0.20,341674,87.5000,88.2100,87.0900
2021/09/07,87.9900,1.0400,-1.17,485348,88.7300,88.7908,87.0012
2021/09/03,89.0300,0.7000,+0.79,489235,88.0600,89.3400,87.6600
2021/09/02,88.3300,0.8800,+1.01,412245,87.8300,89.0400,87.8300
2021/09/01,87.4500,0.8100,+0.93,469079,87.0100,88.2400,86.7901
2021/08/31,86.6400,0.4300,-0.49,368969,87.2500,87.2800,85.7810
2021/08/30,87.0700,0.1100,+0.13,364694,86.9100,87.6500,86.4400
2021/08/27,86.9600,1.4400,+1.68,493467,85.5300,87.4500,85.5300
2021/08/26,85.5200,1.3900,-1.60,322232,86.6700,86.7400,85.3600
2021/08/25,86.9100,0.1600,+0.18,434318,87.0000,87.5100,86.4000
2021/08/24,86.7500,0.5400,+0.63,441291,86.4800,86.8800,85.4600
2021/08/23,86.2100,1.6300,+1.93,1097760,84.9200,87.4300,84.8000
2021/08/20,84.5800,0.3800,-0.45,807648,83.7861,85.7900,83.1300
2021/08/19,84.9600,3.2900,+4.03,1469379,81.8400,84.9900,81.4600
2021/08/18,81.6700,1.4300,+1.78,1651566,81.7500,83.5600,79.8600
2021/08/17,80.2400,1.8600,+2.37,1689460,77.9150,81.3800,77.3200
2021/08/16,78.3800,0.2600,-0.33,545708,78.4300,79.2200,78.1700
2021/08/13,78.6400,0.4700,-0.59,438789,79.3700,79.7000,78.2500
2021/08/12,79.1100,0.5900,-0.74,341294,79.5100,79.7300,78.6790
2021/08/11,79.7000,0.1300,-0.16,601885,79.9700,80.0777,77.9100
2021/08/10,79.8300,0.8200,-1.02,880610,80.3900,81.9924,79.2300
2021/08/09,80.6500,0.6100,-0.75,348748,81.4900,81.8329,80.5100
2021/08/06,81.2600,0.3900,+0.48,919388,80.5800,82.4450,80.5800
2021/08/05,80.8700,0.7900,-0.97,603111,81.7200,82.9550,80.6000
2021/08/04,81.6600,0.1300,+0.16,1010146,81.7600,82.2200,80.4100
2021/08/03,81.5300,1.9400,-2.32,653185,83.4000,83.4200,81.0300
2021/08/02,83.4700,0.5200,-0.62,752994,84.1200,85.9200,83.4300
2021/07/30,83.9900,0.3100,+0.37,573180,82.9500,84.2500,82.9000
2021/07/29,83.6800,0.3800,+0.46,402804,83.6600,85.0000,83.2258
2021/07/28,83.3000,2.2100,+2.73,382261,81.2300,83.8179,80.8700
2021/07/27,81.0900,2.0000,-2.41,459898,82.5000,82.5500,80.1000
2021/07/26,83.0900,0.1200,+0.14,297100,82.9000,83.9500,82.7600
2021/07/23,82.9700,0.5000,+0.61,331414,82.7400,83.3172,81.7300
2021/07/22,82.4700,0.3300,-0.40,270177,82.5000,83.1600,81.8215
2021/07/21,82.8000,1.5900,+1.96,427590,81.5800,83.2000,81.2400
2021/07/20,81.2100,0.5700,+0.71,803316,81.1500,81.9800,80.2500
2021/07/19,80.6400,0.3700,+0.46,523120,79.6400,81.4400,79.2000
2021/07/16,80.2700,1.0600,-1.30,347120,81.3200,82.0000,80.2700
2021/07/15,81.3300,1.3000,-1.57,537098,82.4500,82.7950,80.5700
2021/07/14,82.6300,0.3400,+0.41,715689,83.0100,84.6500,82.5200
2021/07/13,82.2900,0.2200,-0.27,451570,82.7000,83.2600,82.0000
2021/07/12,82.5100,0.1600,-0.19,469124,82.7000,82.9900,81.6400
2021/07/09,82.6700,0.4400,+0.54,360248,82.0300,83.1100,81.6500
2021/07/08,82.2300,0.1800,-0.22,456699,80.9700,82.6500,80.3500
2021/07/07,82.4100,1.3100,-1.56,532398,83.8200,84.1900,80.7900
2021/07/06,83.7200,0.2500,+0.30,603840,83.3600,83.8800,82.2600
2021/07/02,83.4700,0.5100,-0.61,456565,84.2700,84.6400,83.1792
2021/07/01,83.9800,1.9500,+2.38,854326,82.4800,84.3000,82.1500
2021/06/30,82.0300,1.0700,-1.29,1033108,83.3100,83.4200,82.0200
2021/06/29,83.1000,0.6000,-0.72,563777,83.7800,84.9800,82.7750
2021/06/28,83.7000,1.0600,+1.28,700803,83.0000,84.5500,83.0000
